0 0.28842 0.445765 0.0178734 0.0220678
0 0.690032 0.522271 0.0241504 0.0208777
0 0.677059 0.306724 0.0168619 0.0206112
0 0.652924 0.122697 0.0186684 0.0223761
0 0.754504 0.618059 0.0208119 0.0220598
0 0.677363 0.170891 0.0173183 0.0257854
0 0.193823 0.542269 0.0207999 0.0315082
0 0.0873037 0.952028 0.0138779 0.027187
0 0.963659 0.431122 0.0161271 0.013402
0 0.49913 0.113296 0.0161728 0.0188201
0 0.699976 0.986452 0.0194405 0.024196
0 0.575843 0.0937607 0.0143533 0.0247655
0 0.888438 0.458024 0.0202398 0.0206801
0 0.495234 0.645972 0.020911 0.0254756
0 0.0377087 0.280275 0.0170415 0.015734
0 0.444617 0.453587 0.0241779 0.0195096
0 0.579003 0.736326 0.0142018 0.0254854
0 0.913801 0.0464531 0.0149878 0.0210353
0 0.816367 0.943446 0.0174122 0.0238169
0 0.981961 0.676645 0.0182194 0.0153785
0 0.307017 0.127741 0.0185159 0.0161276
0 0.464517 0.0494609 0.0109602 0.0147673
0 0.542248 0.467114 0.0176422 0.0152888
0 0.189935 0.759186 0.0301517 0.0301826
0 0.230941 0.740355 0.0164442 0.0199696
0 0.98247 0.237359 0.0146495 0.0124345
0 0.971086 0.94455 0.0172821 0.0194073
0 0.409692 0.391277 0.0152908 0.0131058
0 0.278776 0.327746 0.0152867 0.0132254
0 0.958101 0.0366368 0.01415 0.0134636
0 0.490502 0.824314 0.0163818 0.0143695
0 0.27189 0.798037 0.0229366 0.0204003
0 0.257021 0.789181 0.0243162 0.0188916
0 0.172458 0.670309 0.0182665 0.0233399
0 0.894374 0.765759 0.0130993 0.0235077
0 0.0318518 0.494655 0.0190166 0.0167845
0 0.939082 0.245045 0.0116819 0.0119363
0 0.12803 0.566164 0.0161342 0.0276507
0 0.518773 0.297172 0.0153586 0.0174832
0 0.568249 0.173294 0.0141098 0.0237462
0 0.411474 0.601789 0.0175092 0.0132934
0 0.0785787 0.344577 0.0150152 0.0186187
0 0.677097 0.268332 0.0147356 0.0167522
0 0.103303 0.546087 0.0168815 0.0152172
0 0.511405 0.792303 0.0164167 0.0134779
0 0.312912 0.189861 0.017191 0.015049
0 0.843034 0.230791 0.021092 0.0246899
0 0.404011 0.918566 0.0134511 0.0231262
0 0.00386426 0.137175 0.00736267 0.016343
0 0.410589 0.0062476 0.0127055 0.0115358
0 0.856885 0.421022 0.0150247 0.0137621
0 0.459641 0.671515 0.0184236 0.0141947
0 0.178287 0.0601756 0.0126665 0.017108
0 0.455837 0.298142 0.0168067 0.0172481
0 0.429389 0.0272588 0.0124079 0.0129835
0 0.0127682 0.114783 0.0122205 0.0181269
0 0.70226 0.258914 0.0127834 0.0113963
0 0.434345 0.00916514 0.0139249 0.0114281
0 0.792151 0.944428 0.0162343 0.031817
0 0.480005 0.318911 0.0126513 0.0137673
0 0.0382793 0.45072 0.00807268 0.0173929
0 0.0893551 0.478662 0.0176483 0.0142146
0 0.816934 0.17229 0.0106403 0.0153762
0 0.372302 0.727984 0.016304 0.0149556
0 0.25487 0.787201 0.0205965 0.0146598
0 0.418979 0.190906 0.0156424 0.0236211
0 0.500026 0.469594 0.0130516 0.016772
0 0.870438 0.181824 0.0125227 0.0157478
0 0.491399 0.00310587 0.0138474 0.00647988
0 0.0883213 0.926146 0.018663 0.0263833
0 0.22469 0.0874889 0.0153481 0.0176475
0 0.0993974 0.460868 0.0161151 0.0140114
0 0.530758 0.0736849 0.0127951 0.0165237
0 0.246963 0.0782568 0.0151202 0.0145892
0 0.125438 0.0770051 0.0173041 0.0123271
0 0.806452 0.518721 0.0161366 0.0151869
0 0.551205 0.219665 0.00907278 0.0142349
0 0.201272 0.766389 0.0169586 0.019254
0 0.0766588 0.462291 0.0153775 0.0150781
0 0.576844 0.992741 0.012183 0.0138443
0 0.805057 0.543352 0.0155654 0.0193546
0 0.183753 0.751972 0.01811 0.0179526
0 0.606543 0.846498 0.0116431 0.0110588
0 0.19695 0.537404 0.0150096 0.0200337
0 0.749071 0.993838 0.0110992 0.0122246
