0 0.287188 0.447057 0.0202026 0.0277286
0 0.690194 0.521848 0.0253127 0.0220437
0 0.653017 0.122683 0.0186759 0.0217905
0 0.67714 0.30633 0.0169654 0.0206397
0 0.754453 0.617277 0.0205668 0.0222641
0 0.193859 0.541738 0.0209174 0.031557
0 0.677395 0.170137 0.0167046 0.0260465
0 0.0874797 0.951431 0.0145446 0.0277444
0 0.699911 0.985818 0.0194342 0.0247777
0 0.987408 0.681362 0.0212904 0.0160797
0 0.412923 0.0111838 0.0147541 0.0187896
0 0.0443084 0.438915 0.0138545 0.0214309
0 0.435087 0.0105247 0.0154873 0.014932
0 0.963634 0.430879 0.0162913 0.0136113
0 0.499088 0.112867 0.0166364 0.0191392
0 0.188226 0.758673 0.0276889 0.0296369
0 0.970056 0.94341 0.0189479 0.0218883
0 0.444661 0.453141 0.0250394 0.0202403
0 0.887997 0.454373 0.0146656 0.0211527
0 0.278777 0.325534 0.0149471 0.0159982
0 0.0530272 0.288951 0.0139011 0.017746
0 0.568197 0.172378 0.0144115 0.0228264
0 0.495482 0.645454 0.0207733 0.0257608
0 0.913242 0.0460071 0.015112 0.0206776
0 0.940272 0.25009 0.0120953 0.0172451
0 0.127728 0.566641 0.0173788 0.0320129
0 0.231007 0.740251 0.016458 0.0203351
0 0.541441 0.479124 0.0139678 0.0193307
0 0.577739 0.736894 0.0140145 0.0273522
0 0.490625 0.82435 0.0170118 0.015263
0 0.303292 0.127189 0.0154432 0.0141786
0 0.031409 0.49429 0.0201722 0.0178464
0 0.103335 0.545631 0.0178863 0.0160701
0 0.958341 0.0362256 0.0146912 0.0143123
0 0.982932 0.237028 0.0153378 0.0131685
0 0.410239 0.391217 0.0146565 0.0133913
0 0.0788215 0.343818 0.0158577 0.0199416
0 0.841965 0.230213 0.022264 0.0257235
0 0.00372675 0.136941 0.0073718 0.0162757
0 0.676984 0.267926 0.0148926 0.0164834
0 0.894801 0.766534 0.0132743 0.0248832
0 0.511279 0.791804 0.0164372 0.0127949
0 0.513142 0.474871 0.0165544 0.0137193
0 0.272077 0.797582 0.0230317 0.0200964
0 0.0128032 0.114751 0.0126107 0.0179565
0 0.171626 0.669389 0.0180529 0.0237433
0 0.519566 0.296663 0.0146168 0.0170304
0 0.456402 0.297598 0.0175899 0.018414
0 0.491842 0.00307312 0.0142944 0.00658436
0 0.403971 0.918677 0.0139 0.0226792
0 0.312655 0.189628 0.0176043 0.0144892
0 0.702023 0.25873 0.0131385 0.0120581
0 0.411277 0.601333 0.0172041 0.0130337
0 0.856844 0.420709 0.0146565 0.0127087
0 0.0994599 0.460401 0.0170083 0.0146383
0 0.0898897 0.478165 0.0190031 0.0155249
0 0.460146 0.671328 0.0195658 0.0140033
0 0.807486 0.970199 0.0125765 0.0157063
0 0.12561 0.0667473 0.0168835 0.0164009
0 0.611211 0.84343 0.0165192 0.0111098
0 0.0887831 0.925503 0.0184521 0.0264781
0 0.792333 0.944705 0.0142957 0.02975
0 0.256479 0.787513 0.0216789 0.0170677
0 0.419334 0.189211 0.0152756 0.0216718
0 0.806317 0.518074 0.0157666 0.0148814
0 0.182048 0.0656983 0.0121962 0.0124859
0 0.569979 0.0966078 0.019083 0.017574
0 0.478474 0.317319 0.0129118 0.0145997
0 0.372452 0.728104 0.0166259 0.0159104
0 0.816855 0.172185 0.0108028 0.0158074
0 0.577207 0.991552 0.0163317 0.0159003
0 0.870882 0.181293 0.0132724 0.0165471
0 0.24895 0.102991 0.0113553 0.0125798
0 0.224643 0.0868738 0.016022 0.0187509
0 0.557076 0.216645 0.0114954 0.0144532
0 0.0763296 0.462023 0.0171003 0.0156424
0 0.201248 0.766074 0.0173541 0.0192416
0 0.0889558 0.939013 0.0194215 0.0493013
0 0.804628 0.542626 0.0157591 0.0188884
0 0.53107 0.0731894 0.0131011 0.0150045
0 0.183762 0.752257 0.0183157 0.0186442
0 0.248069 0.0784282 0.01554 0.0155135
0 0.749082 0.992437 0.0140984 0.0129796
0 0.46554 0.0488337 0.0124671 0.0158371
0 0.691759 0.522116 0.0241395 0.0199378
