0 0.458696 0.0566418 0.0222042 0.0283532
0 0.676848 0.307048 0.0167465 0.020814
0 0.754744 0.61794 0.0212243 0.0227923
0 0.690214 0.522492 0.0248724 0.0211
0 0.652707 0.122667 0.0181691 0.0211974
0 0.193681 0.542398 0.0212441 0.0318228
0 0.0876428 0.952086 0.0146217 0.0269879
0 0.677546 0.169902 0.0159191 0.0247137
0 0.28928 0.445902 0.0163472 0.0226363
0 0.435306 0.00931891 0.0140861 0.0135153
0 0.978542 0.686434 0.0156815 0.016462
0 0.889329 0.457355 0.0210633 0.0154525
0 0.814408 0.938027 0.011558 0.0158569
0 0.963617 0.431019 0.016794 0.0131792
0 0.937355 0.24233 0.0168152 0.0158717
0 0.494881 0.646189 0.0198802 0.0238314
0 0.700093 0.986423 0.0191724 0.024343
0 0.00564 0.692175 0.0112937 0.0169028
0 0.279825 0.329317 0.0154323 0.0135313
0 0.971107 0.94405 0.0175196 0.0202333
0 0.49881 0.113245 0.0163867 0.0186881
0 0.895008 0.766553 0.0138881 0.025018
0 0.445077 0.454005 0.022515 0.0188578
0 0.230983 0.740507 0.0170439 0.0202394
0 0.185719 0.757844 0.0243801 0.0282065
0 0.913516 0.0464352 0.0156455 0.0212663
0 0.579602 0.735719 0.0145068 0.0252284
0 0.0357065 0.463203 0.0138411 0.0118412
0 0.982562 0.237436 0.0159488 0.0119407
0 0.958124 0.0363127 0.0142343 0.0147796
0 0.567712 0.172472 0.0137336 0.0232436
0 0.490097 0.824768 0.0161488 0.0145602
0 0.305579 0.121241 0.0175155 0.015167
0 0.0781771 0.344034 0.0154548 0.0203174
0 0.262403 0.7921 0.025883 0.0194325
0 0.0888048 0.478655 0.0178683 0.0170975
0 0.41085 0.00626271 0.0135706 0.0125101
0 0.171957 0.670088 0.018472 0.0246372
0 0.272215 0.798226 0.0227277 0.0204266
0 0.126896 0.567319 0.0178371 0.0321306
0 0.511156 0.792302 0.0163183 0.0137873
0 0.224298 0.0882407 0.0173397 0.0185596
0 0.457837 0.298584 0.01996 0.0185871
0 0.41025 0.391609 0.0135504 0.0122178
0 0.183551 0.0352551 0.013967 0.0154779
0 0.41157 0.601914 0.0167892 0.0128921
0 0.518832 0.297763 0.0156727 0.0175095
0 0.418537 0.193412 0.0154571 0.0258555
0 0.842017 0.230672 0.0208334 0.0234095
0 0.488252 0.447525 0.0126452 0.0185011
0 0.102869 0.545583 0.0166175 0.0157733
0 0.702568 0.258754 0.0135826 0.0116016
0 0.312634 0.19002 0.0184755 0.0152386
0 0.254862 0.101536 0.0131885 0.0257298
0 0.404154 0.918768 0.013664 0.0229225
0 0.246323 0.0777654 0.0163655 0.0149009
0 0.21702 0.0338845 0.0226653 0.0203706
0 0.459922 0.671642 0.0180785 0.0133556
0 0.577389 0.994687 0.0154337 0.010654
0 0.00389333 0.136979 0.00739975 0.0162051
0 0.676853 0.268452 0.0144349 0.0161116
0 0.792424 0.945549 0.0126874 0.0288179
0 0.491971 0.00319307 0.0138764 0.00665739
0 0.856924 0.42117 0.0140297 0.0128029
0 0.256382 0.787224 0.0212201 0.0158221
0 0.574909 0.0959177 0.0143374 0.0198703
0 0.488433 0.325868 0.0220029 0.0193877
0 0.816487 0.172947 0.0116105 0.0180384
0 0.0888859 0.926418 0.0188209 0.0262303
0 0.869999 0.181507 0.0127489 0.0156482
0 0.0994033 0.461307 0.016709 0.0141569
0 0.0127445 0.114816 0.0118296 0.0174362
0 0.53668 0.472159 0.0140051 0.0106834
0 0.806754 0.518572 0.0153605 0.014093
0 0.031973 0.494646 0.0191771 0.0167935
0 0.127706 0.10348 0.0154257 0.0147636
0 0.201436 0.766524 0.0166158 0.018292
0 0.53048 0.0742205 0.0119648 0.0156893
0 0.372012 0.728566 0.0166581 0.0149802
0 0.0764616 0.46221 0.0170294 0.0156573
0 0.594416 0.847483 0.0112875 0.0134373
0 0.183475 0.751992 0.0180398 0.0179251
0 0.80473 0.542813 0.0154271 0.0194269
0 0.555711 0.211081 0.0097362 0.0153793
0 0.623973 0.609513 0.0117365 0.0176629
0 0.197076 0.536395 0.0146071 0.0195522
0 0.749323 0.993981 0.0110237 0.0115931
