0 0.28792 0.444731 0.0178588 0.0226119
0 0.690485 0.52237 0.025092 0.0213009
0 0.754405 0.617996 0.0214907 0.0230062
0 0.677196 0.306775 0.0172447 0.021239
0 0.652867 0.122798 0.0182685 0.0214804
0 0.677277 0.170652 0.0166543 0.0264024
0 0.193871 0.541488 0.0209172 0.0299793
0 0.963695 0.431276 0.0163835 0.0131302
0 0.980129 0.67737 0.0162499 0.0193223
0 0.889128 0.45907 0.0228711 0.0165601
0 0.0875393 0.951816 0.0143323 0.0271784
0 0.495122 0.645954 0.0208238 0.024848
0 0.498794 0.112965 0.0169668 0.0194095
0 0.699702 0.985916 0.0188751 0.0246812
0 0.445105 0.453889 0.0246797 0.0194557
0 0.578848 0.736323 0.0144261 0.0266768
0 0.894465 0.766839 0.0137898 0.0255849
0 0.814043 0.942185 0.0139313 0.0222827
0 0.190369 0.759028 0.030169 0.0299308
0 0.307056 0.126641 0.0183988 0.0169737
0 0.97061 0.943387 0.0187586 0.0210952
0 0.982569 0.237412 0.0164021 0.0133606
0 0.0353139 0.289693 0.0140127 0.017943
0 0.503221 0.457655 0.0179102 0.0169151
0 0.913767 0.0464336 0.0171278 0.0231552
0 0.231227 0.740666 0.0163762 0.0194598
0 0.490093 0.824214 0.0167331 0.0150831
0 0.279019 0.327801 0.0146343 0.0127239
0 0.465006 0.0501003 0.0124835 0.0169999
0 0.940354 0.244607 0.0115953 0.0122011
0 0.567909 0.172738 0.0128335 0.0227662
0 0.410851 0.00620586 0.01281 0.012328
0 0.958124 0.0369399 0.0145766 0.0157133
0 0.258252 0.790021 0.0243288 0.01949
0 0.410265 0.391596 0.014464 0.0129642
0 0.435113 0.00885623 0.0136541 0.0129251
0 0.0783882 0.34435 0.014824 0.0190929
0 0.00390777 0.136909 0.00745807 0.0169954
0 0.128439 0.562951 0.0154165 0.0252535
0 0.116186 0.072234 0.00857948 0.0192573
0 0.434795 0.0325236 0.0120758 0.0159181
0 0.0892557 0.478285 0.0187291 0.0146866
0 0.511111 0.792114 0.0167203 0.0134155
0 0.702604 0.258399 0.0133065 0.0122101
0 0.272056 0.798352 0.0226187 0.0195656
0 0.103049 0.545337 0.0166433 0.0154873
0 0.312634 0.189783 0.0166717 0.0142123
0 0.575967 0.0963572 0.0142015 0.0215524
0 0.543115 0.468738 0.0181993 0.0148679
0 0.171907 0.670054 0.0180759 0.0239899
0 0.792381 0.944732 0.0143209 0.0304644
0 0.404285 0.918893 0.0133427 0.0223008
0 0.480093 0.320017 0.0115724 0.0136235
0 0.411498 0.601658 0.0169828 0.0129436
0 0.0413427 0.458684 0.0136054 0.0122861
0 0.51906 0.297495 0.0149349 0.016916
0 0.841802 0.230676 0.0213695 0.0249445
0 0.460068 0.671517 0.0184669 0.0135111
0 0.677015 0.269028 0.0155959 0.0165768
0 0.456275 0.298592 0.0171373 0.0173849
0 0.491257 0.00313582 0.0155846 0.00656168
0 0.856837 0.42073 0.0141148 0.013126
0 0.224398 0.0875526 0.0155568 0.0174029
0 0.417947 0.191427 0.0157061 0.0244287
0 0.607536 0.850741 0.0163291 0.014448
0 0.816761 0.172416 0.0109011 0.0163682
0 0.0883398 0.926084 0.0193562 0.0279022
0 0.255967 0.787007 0.020169 0.0149635
0 0.247286 0.0783707 0.0150454 0.015265
0 0.806827 0.518544 0.0147232 0.0144106
0 0.372304 0.727811 0.0166996 0.0152804
0 0.550352 0.219784 0.00929141 0.0142647
0 0.181683 0.0540862 0.0101555 0.0165092
0 0.24864 0.0985961 0.0114759 0.0129545
0 0.0886461 0.938849 0.019969 0.0492475
0 0.201196 0.766322 0.016914 0.0184718
0 0.870393 0.181676 0.0138071 0.0164545
0 0.0994395 0.460979 0.0163513 0.0137412
0 0.530514 0.0741256 0.0123172 0.0157799
0 0.576987 0.99439 0.0153581 0.011131
0 0.804616 0.543055 0.0152242 0.0186943
0 0.0316263 0.494726 0.0192156 0.0172092
0 0.0764566 0.462135 0.0163814 0.0146075
0 0.690597 0.52296 0.0234756 0.0190761
0 0.183967 0.752036 0.0176936 0.0182514
