0 0.690233 0.522266 0.0252456 0.0219576
0 0.286753 0.446171 0.0198514 0.0201688
0 0.754444 0.617761 0.0212 0.0229585
0 0.653022 0.122879 0.0174721 0.0206256
0 0.67713 0.306978 0.0166675 0.0208616
0 0.193685 0.542407 0.0205922 0.0317808
0 0.677748 0.170574 0.0163809 0.0247568
0 0.087415 0.951664 0.0138423 0.0274203
0 0.700311 0.985617 0.0210477 0.0257802
0 0.888828 0.456579 0.0184368 0.0211086
0 0.963574 0.431071 0.0160853 0.0131753
0 0.444521 0.453786 0.0254419 0.020097
0 0.913494 0.0463112 0.0156668 0.0217139
0 0.54182 0.467738 0.0197236 0.0158261
0 0.568585 0.172333 0.0141695 0.022967
0 0.574859 0.0929192 0.0148051 0.0240842
0 0.495206 0.645891 0.0201715 0.0248322
0 0.498752 0.113335 0.0161411 0.018128
0 0.579305 0.735438 0.0143831 0.0244207
0 0.0322165 0.49426 0.0187946 0.0168802
0 0.187301 0.758448 0.0261641 0.0294726
0 0.982544 0.678576 0.0188515 0.0153587
0 0.306835 0.127568 0.0178299 0.015965
0 0.982285 0.237228 0.0159209 0.0126253
0 0.958317 0.0367503 0.0145242 0.0142758
0 0.230801 0.740759 0.016385 0.0201885
0 0.940503 0.24351 0.0124087 0.0119936
0 0.278599 0.32684 0.0139318 0.0127032
0 0.970946 0.944698 0.0170927 0.0196502
0 0.172228 0.669912 0.0178263 0.0236841
0 0.434122 0.0102235 0.0141301 0.0141118
0 0.410268 0.391175 0.0143548 0.0127724
0 0.103702 0.545939 0.0186121 0.0163677
0 0.518719 0.296679 0.0144919 0.0171342
0 0.489998 0.823781 0.0161213 0.0139492
0 0.263071 0.792439 0.0252469 0.0196621
0 0.0786737 0.3443 0.0150987 0.018913
0 0.272308 0.798031 0.0225682 0.0198811
0 0.0367748 0.448524 0.00956131 0.0201276
0 0.843089 0.230851 0.021086 0.0244537
0 0.894575 0.766884 0.0135249 0.0249002
0 0.676856 0.268214 0.0146501 0.016311
0 0.456187 0.298003 0.0174705 0.0177228
0 0.702211 0.258614 0.0130642 0.0119274
0 0.511382 0.792128 0.0164128 0.0134102
0 0.0129458 0.114581 0.0122354 0.0181975
0 0.85685 0.42104 0.0155692 0.0145975
0 0.0887024 0.925088 0.019249 0.0273824
0 0.0889865 0.938263 0.020124 0.0508599
0 0.495912 0.469007 0.0128133 0.0146623
0 0.411847 0.601766 0.0164121 0.0125334
0 0.403957 0.91891 0.013835 0.0230939
0 0.312959 0.189892 0.0173558 0.0137272
0 0.0894427 0.47852 0.0189612 0.0148498
0 0.00384081 0.136948 0.0073851 0.016673
0 0.459717 0.671559 0.0185684 0.0132848
0 0.487188 0.323513 0.0258172 0.0239643
0 0.49159 0.0031248 0.0146031 0.00674854
0 0.465518 0.0489129 0.0121485 0.0155896
0 0.410914 0.0061424 0.012043 0.0117668
0 0.256525 0.787124 0.0204067 0.0159659
0 0.128106 0.081414 0.0150444 0.0106869
0 0.224716 0.0872355 0.0158322 0.0183077
0 0.554755 0.219357 0.0098815 0.0132403
0 0.125478 0.572214 0.0208074 0.0376656
0 0.418117 0.19144 0.0159899 0.0249482
0 0.21626 0.0333929 0.0220303 0.0211995
0 0.816804 0.172925 0.0116172 0.0174864
0 0.820522 0.949386 0.0201571 0.0281785
0 0.0997329 0.460508 0.0166586 0.0142403
0 0.0444989 0.280828 0.0155603 0.0115987
0 0.372382 0.728026 0.0160745 0.0145032
0 0.806732 0.518705 0.0148129 0.0138539
0 0.170233 0.0609773 0.0108138 0.0153668
0 0.870931 0.18112 0.0135676 0.0160849
0 0.201393 0.76658 0.0163859 0.0185614
0 0.530648 0.0736888 0.0125141 0.0158591
0 0.0764517 0.462137 0.0167014 0.0153709
0 0.578069 0.991752 0.0135758 0.0152849
0 0.607529 0.846559 0.0151045 0.0117745
0 0.824083 0.956035 0.0135411 0.0149283
0 0.804747 0.542885 0.0152687 0.0184025
0 0.427826 0.0220824 0.0144905 0.0168147
0 0.183854 0.75209 0.0182728 0.0182906
0 0.247581 0.0783014 0.0158672 0.0165683
0 0.12892 0.560193 0.0132027 0.0166543
