0 0.690406 0.522073 0.02564 0.0219923
0 0.677316 0.306879 0.0174397 0.0220985
0 0.754561 0.617869 0.0210274 0.0225272
0 0.194149 0.542613 0.0214435 0.0321177
0 0.677469 0.170149 0.0172521 0.0263399
0 0.652942 0.122902 0.0179464 0.0210882
0 0.0875578 0.951951 0.0144369 0.0267467
0 0.460939 0.048 0.0186885 0.0210847
0 0.812164 0.939631 0.016117 0.0179201
0 0.889155 0.458272 0.0224502 0.0161441
0 0.700139 0.986144 0.0195285 0.0246216
0 0.97776 0.685756 0.0138057 0.0154238
0 0.963915 0.43119 0.0161576 0.0133117
0 0.435219 0.0090208 0.0141429 0.0127563
0 0.289196 0.445584 0.0166693 0.0226998
0 0.494904 0.645787 0.0199303 0.0242599
0 0.00565285 0.691857 0.0115029 0.0155209
0 0.937329 0.241906 0.0166 0.0164967
0 0.444896 0.454338 0.0229561 0.0189486
0 0.579188 0.736506 0.0149879 0.0275205
0 0.18981 0.7589 0.0290545 0.0304322
0 0.279985 0.328999 0.0153344 0.0142678
0 0.499093 0.112735 0.0165189 0.0189331
0 0.982638 0.237196 0.0161077 0.0127131
0 0.894299 0.766453 0.0135296 0.0243959
0 0.957852 0.0366442 0.0140025 0.0135537
0 0.490254 0.824549 0.0170174 0.0154285
0 0.129228 0.101457 0.0181357 0.0166705
0 0.036466 0.456898 0.0142633 0.012399
0 0.272258 0.798346 0.0224311 0.0198284
0 0.305926 0.122007 0.0181072 0.0156811
0 0.231051 0.740658 0.0161309 0.0195481
0 0.103636 0.54555 0.0180667 0.01656
0 0.0877347 0.478804 0.0188891 0.0188111
0 0.172053 0.669986 0.0185138 0.0243479
0 0.128878 0.562752 0.0150261 0.0234097
0 0.410623 0.391361 0.0140817 0.0128945
0 0.913596 0.0466962 0.0154139 0.0210493
0 0.567757 0.172412 0.0141299 0.0237533
0 0.25814 0.790141 0.0246693 0.0194371
0 0.518728 0.297586 0.0158706 0.0175667
0 0.411238 0.00595178 0.0130136 0.0120714
0 0.456974 0.298258 0.0181607 0.0183399
0 0.97144 0.944686 0.0172378 0.0203806
0 0.702474 0.258469 0.0141704 0.0123395
0 0.224499 0.0878763 0.0166838 0.0179401
0 0.511271 0.792377 0.0160353 0.01273
0 0.312807 0.189868 0.0190079 0.0156848
0 0.842559 0.230476 0.0226041 0.0250888
0 0.0783667 0.34432 0.0146339 0.0194461
0 0.404252 0.918928 0.0133597 0.022302
0 0.857006 0.42081 0.0157821 0.0144207
0 0.411239 0.602004 0.0183451 0.0128573
0 0.576825 0.994891 0.0153033 0.0102637
0 0.677031 0.268766 0.0162449 0.0173158
0 0.255774 0.101 0.0123399 0.0257639
0 0.246953 0.0776123 0.0159177 0.0150751
0 0.485478 0.450051 0.0109828 0.0192311
0 0.53637 0.468864 0.0157363 0.0119674
0 0.00395578 0.137252 0.00764711 0.01651
0 0.460224 0.671572 0.0177322 0.0132388
0 0.792878 0.945208 0.0143938 0.0298851
0 0.816698 0.172321 0.0111863 0.0165448
0 0.0318152 0.494394 0.0193941 0.0168542
0 0.255675 0.787262 0.0204164 0.0153311
0 0.418405 0.192722 0.0151746 0.0250497
0 0.574672 0.0968685 0.0145699 0.0200569
0 0.182844 0.0354419 0.0139379 0.0132977
0 0.0129676 0.114449 0.0121118 0.0173106
0 0.488549 0.325743 0.0226439 0.0195091
0 0.491739 0.00305103 0.0138842 0.00626732
0 0.0883552 0.925974 0.0187609 0.0265849
0 0.870203 0.181858 0.0127962 0.0165101
0 0.271509 0.438432 0.0122892 0.0159685
0 0.0995008 0.460943 0.0168577 0.0131639
0 0.806228 0.518472 0.0159621 0.0147413
0 0.201223 0.766563 0.0171285 0.0192822
0 0.0764282 0.462224 0.0161367 0.0150703
0 0.372156 0.728296 0.0164164 0.0147061
0 0.530536 0.0739846 0.0125847 0.0158937
0 0.0206621 0.288591 0.0105324 0.0182057
0 0.594744 0.846846 0.0103962 0.0148221
0 0.804612 0.542582 0.0158721 0.020702
0 0.183925 0.752078 0.0177714 0.0185759
0 0.555519 0.21104 0.0100985 0.0157363
0 0.197242 0.536737 0.0147456 0.0197309
