0 0.68993 0.522382 0.0241584 0.0214368
0 0.979659 0.686558 0.0173398 0.0163667
0 0.652757 0.122826 0.0183449 0.0211686
0 0.676926 0.30681 0.0169982 0.0207446
0 0.754619 0.618152 0.0210823 0.0228204
0 0.193998 0.542478 0.0198238 0.031149
0 0.456853 0.0568864 0.0254685 0.0287593
0 0.0872 0.952191 0.014103 0.0260584
0 0.889518 0.457757 0.0224801 0.0156275
0 0.677287 0.170458 0.0165617 0.0250952
0 0.435313 0.00925628 0.0141543 0.0134664
0 0.498721 0.112812 0.0160723 0.0193834
0 0.49504 0.645859 0.0201931 0.0244045
0 0.963636 0.431369 0.0163468 0.0126835
0 0.700204 0.986148 0.0197915 0.0248761
0 0.816117 0.936635 0.0114892 0.0172893
0 0.280133 0.329393 0.016501 0.0148953
0 0.289599 0.445562 0.0166592 0.022967
0 0.00551133 0.692671 0.011164 0.0159513
0 0.982554 0.237249 0.0159005 0.0130189
0 0.937075 0.242797 0.0164043 0.0146182
0 0.445336 0.454161 0.0222341 0.0188565
0 0.189095 0.758912 0.0286674 0.0294943
0 0.913347 0.0467869 0.0152839 0.0211388
0 0.958251 0.0363435 0.0138927 0.0141447
0 0.56766 0.172412 0.0134729 0.0230212
0 0.89502 0.765493 0.0136471 0.0229223
0 0.971235 0.94454 0.0175953 0.0209036
0 0.490181 0.825086 0.0162239 0.0146959
0 0.579174 0.735313 0.014205 0.024057
0 0.0888494 0.478997 0.0175382 0.0148574
0 0.304382 0.121095 0.0164177 0.0152748
0 0.410717 0.0061669 0.0139953 0.0124627
0 0.23085 0.740502 0.016475 0.0196092
0 0.418913 0.193661 0.0158324 0.0260669
0 0.519026 0.297791 0.0159531 0.0181937
0 0.410003 0.391534 0.0137084 0.012562
0 0.22421 0.0881634 0.0164272 0.0180939
0 0.575628 0.0951355 0.0140334 0.0198918
0 0.312828 0.18969 0.017903 0.0159642
0 0.702618 0.258679 0.0140232 0.0120391
0 0.102741 0.545558 0.0167488 0.0152773
0 0.676783 0.268388 0.0152733 0.0167764
0 0.172326 0.670178 0.0181978 0.0243496
0 0.272324 0.79815 0.0220698 0.0196935
0 0.00379708 0.137284 0.00745191 0.016914
0 0.533813 0.473845 0.0155224 0.0143761
0 0.842276 0.230812 0.0206901 0.0237079
0 0.0350118 0.467017 0.0125268 0.0114565
0 0.51135 0.792241 0.0154313 0.0129579
0 0.857048 0.420754 0.0147514 0.0139751
0 0.41162 0.601913 0.0173589 0.012911
0 0.45696 0.298543 0.0181404 0.0182889
0 0.0126342 0.115068 0.0131405 0.0180317
0 0.459938 0.671705 0.0177747 0.013183
0 0.0783253 0.344186 0.0154349 0.0197855
0 0.088299 0.925724 0.0197774 0.0284282
0 0.246497 0.0779452 0.0158489 0.0159068
0 0.4037 0.918956 0.0128754 0.022874
0 0.579424 0.994368 0.0145532 0.0113553
0 0.591202 0.846437 0.0140375 0.0169502
0 0.493829 0.449885 0.0126476 0.0224248
0 0.792539 0.945407 0.0138315 0.0294409
0 0.128078 0.10157 0.011468 0.0130068
0 0.816519 0.172181 0.0106935 0.0153544
0 0.491785 0.00310293 0.0142699 0.00646447
0 0.256272 0.787468 0.020905 0.016073
0 0.253861 0.102432 0.0130777 0.0220217
0 0.183571 0.0334647 0.0128708 0.0159139
0 0.486582 0.325484 0.0196692 0.0185792
0 0.869998 0.181579 0.0128933 0.0163549
0 0.807172 0.518572 0.0144895 0.0139704
0 0.0994242 0.460952 0.0154525 0.0130975
0 0.530683 0.0740947 0.0124788 0.0161792
0 0.0312228 0.49458 0.0178731 0.0157714
0 0.201157 0.76643 0.016721 0.0187716
0 0.331271 0.187409 0.0161784 0.0137218
0 0.076476 0.462326 0.0159562 0.0149014
0 0.183566 0.752128 0.0178488 0.0180062
0 0.804671 0.542295 0.0145755 0.0178525
0 0.019017 0.276648 0.0115863 0.0109223
0 0.463974 0.050693 0.0124847 0.0157448
0 0.555669 0.211279 0.00944996 0.0147251
0 0.129101 0.560053 0.0129126 0.0166708
