0 0.287684 0.444059 0.0193999 0.0253726
0 0.690289 0.522342 0.0245184 0.0212529
0 0.677212 0.306923 0.0170224 0.0211486
0 0.193756 0.542193 0.0212368 0.0321015
0 0.652812 0.12281 0.0179095 0.0202494
0 0.754376 0.618079 0.0205214 0.021855
0 0.677267 0.170837 0.0164411 0.0256074
0 0.889148 0.459413 0.0226102 0.0163261
0 0.963271 0.431301 0.0169774 0.0133045
0 0.0875407 0.951818 0.0138834 0.0265859
0 0.699869 0.986397 0.0197308 0.0240295
0 0.970714 0.944265 0.017664 0.0218225
0 0.813788 0.943335 0.0136729 0.0244758
0 0.578917 0.735626 0.01416 0.0246497
0 0.444742 0.453961 0.023849 0.0184509
0 0.499166 0.113145 0.0162048 0.0179597
0 0.494891 0.646036 0.0196625 0.0242873
0 0.188155 0.758669 0.0271022 0.0295665
0 0.894318 0.766149 0.0127915 0.0238398
0 0.231349 0.7406 0.0168042 0.0197599
0 0.307039 0.12539 0.0187815 0.016479
0 0.980856 0.677523 0.0153999 0.017985
0 0.279288 0.327596 0.0151016 0.0131092
0 0.568307 0.170993 0.0132628 0.0243697
0 0.126471 0.569459 0.0187635 0.0346913
0 0.957992 0.036658 0.0143549 0.0143037
0 0.490265 0.824189 0.0167399 0.0144166
0 0.464582 0.0491515 0.0128422 0.0165388
0 0.410113 0.391431 0.0141842 0.0130419
0 0.2578 0.789821 0.0246692 0.0195949
0 0.913408 0.0469429 0.0150115 0.0209208
0 0.410774 0.00630638 0.0128778 0.0124946
0 0.982846 0.237244 0.0151719 0.0123315
0 0.247846 0.0848996 0.0159032 0.0265986
0 0.272025 0.798082 0.0225693 0.0201393
0 0.575433 0.0966895 0.0142393 0.0209832
0 0.519112 0.297423 0.0153578 0.0175341
0 0.939036 0.245356 0.0118199 0.0123058
0 0.434762 0.00963702 0.013784 0.0123471
0 0.40398 0.918835 0.0136391 0.0230076
0 0.4347 0.0338873 0.0134435 0.0153042
0 0.312719 0.189852 0.0177533 0.0147758
0 0.511305 0.792237 0.0170012 0.0136213
0 0.103878 0.54558 0.0176418 0.0156415
0 0.224865 0.0876806 0.0168084 0.0186022
0 0.0358758 0.293222 0.014006 0.0149164
0 0.456461 0.298223 0.0174995 0.0171738
0 0.0891363 0.478523 0.0192171 0.0150452
0 0.676494 0.268307 0.0145482 0.0164718
0 0.116001 0.0861887 0.0125775 0.0187033
0 0.702597 0.25881 0.0132651 0.0116295
0 0.00398647 0.13693 0.0076391 0.0161931
0 0.856629 0.420746 0.0151072 0.013921
0 0.842378 0.230391 0.0222368 0.0246964
0 0.479676 0.319976 0.0116181 0.0131612
0 0.499289 0.458094 0.0167073 0.0158784
0 0.411815 0.601857 0.0171781 0.0122912
0 0.460523 0.671723 0.0175738 0.0130091
0 0.00363951 0.67779 0.00709046 0.0216106
0 0.171876 0.670089 0.0178404 0.0233427
0 0.0402179 0.459355 0.0145497 0.0109084
0 0.0782254 0.344291 0.0152556 0.0194912
0 0.792742 0.945213 0.0139683 0.0296271
0 0.0129461 0.114839 0.0122784 0.0174863
0 0.491799 0.00309853 0.0142839 0.00627799
0 0.250237 0.0945254 0.0138645 0.0134547
0 0.816476 0.172338 0.0111349 0.0164146
0 0.246788 0.077965 0.0148883 0.0158943
0 0.255297 0.787013 0.0203967 0.0149304
0 0.41841 0.190886 0.0135225 0.0230647
0 0.578001 0.993513 0.0146379 0.0128901
0 0.0888486 0.92702 0.0196358 0.0289571
0 0.541962 0.472091 0.0180807 0.0140992
0 0.530626 0.0739184 0.0121575 0.0157819
0 0.553521 0.216718 0.0122823 0.0177685
0 0.870506 0.181857 0.0122862 0.0156479
0 0.20132 0.766593 0.0166831 0.0186287
0 0.100074 0.460732 0.0144773 0.0132599
0 0.806534 0.517986 0.0159664 0.0151957
0 0.371922 0.728236 0.0169184 0.0149872
0 0.606024 0.851614 0.0138358 0.0124005
0 0.18368 0.751929 0.0179102 0.0181435
0 0.0317625 0.494712 0.0195387 0.0172877
0 0.0766507 0.462064 0.0164116 0.0147863
0 0.180525 0.049549 0.00983992 0.0177376
0 0.804566 0.543501 0.0160964 0.019883
0 0.431836 0.948965 0.0226783 0.0225981
