0 0.690304 0.52188 0.024839 0.0218511
0 0.754421 0.617542 0.0219506 0.0231459
0 0.653484 0.122315 0.0181099 0.0211417
0 0.677212 0.306471 0.0172345 0.0205978
0 0.286395 0.446334 0.0205111 0.0192739
0 0.193743 0.541854 0.0213913 0.0317458
0 0.888958 0.455793 0.0173887 0.0213853
0 0.0873952 0.951342 0.0138112 0.0268828
0 0.677567 0.170416 0.0164276 0.0255277
0 0.963688 0.430846 0.0159771 0.0133811
0 0.699947 0.98574 0.0203604 0.0256872
0 0.543955 0.468717 0.019946 0.01631
0 0.983372 0.679047 0.0182501 0.0161027
0 0.495152 0.645636 0.0206674 0.0253657
0 0.444592 0.453704 0.0244915 0.0197988
0 0.568424 0.172064 0.0142021 0.0233597
0 0.190918 0.759184 0.0314286 0.0305772
0 0.498826 0.112514 0.0152385 0.0190548
0 0.579312 0.736132 0.0145997 0.0254623
0 0.307109 0.127769 0.0185812 0.0155637
0 0.574542 0.0927095 0.0136293 0.0222617
0 0.913421 0.0465532 0.0158168 0.021126
0 0.490197 0.823825 0.0167323 0.0143957
0 0.230935 0.740353 0.0168107 0.0199437
0 0.982536 0.237189 0.0151006 0.012606
0 0.03812 0.445933 0.0100848 0.0192529
0 0.43437 0.00994915 0.0128826 0.0131343
0 0.410283 0.39097 0.0151063 0.0128413
0 0.278552 0.326638 0.0145131 0.0127465
0 0.518628 0.296621 0.0146557 0.0175779
0 0.265047 0.793392 0.0278157 0.0204448
0 0.894516 0.766474 0.014039 0.0250633
0 0.939855 0.24317 0.0143612 0.01199
0 0.0316384 0.494232 0.0186855 0.0169938
0 0.971174 0.944048 0.0181985 0.0221694
0 0.103481 0.545402 0.0180343 0.0159564
0 0.95802 0.0361784 0.0145826 0.0140297
0 0.843356 0.23027 0.022541 0.0248841
0 0.00381616 0.136522 0.00732249 0.0166902
0 0.0785684 0.343924 0.0146169 0.0186594
0 0.702276 0.258477 0.0133775 0.0119843
0 0.792874 0.945674 0.0158259 0.0324893
0 0.411471 0.601393 0.0167582 0.0126371
0 0.404087 0.918906 0.0134668 0.0232368
0 0.51133 0.792053 0.0158096 0.0129433
0 0.67735 0.268396 0.0152104 0.0166643
0 0.456023 0.297663 0.0165555 0.0174218
0 0.272224 0.797864 0.0224768 0.0195326
0 0.856843 0.420766 0.0155891 0.0138308
0 0.816656 0.172389 0.0110396 0.0165859
0 0.459913 0.671399 0.019438 0.014138
0 0.0456046 0.284057 0.0143352 0.0137879
0 0.17207 0.669611 0.0188699 0.0235555
0 0.464749 0.0494691 0.0127361 0.0166787
0 0.0896473 0.478639 0.0187107 0.0144992
0 0.821265 0.95895 0.0171309 0.0286033
0 0.820015 0.954396 0.0192597 0.0379581
0 0.312099 0.189818 0.0170516 0.0141029
0 0.0996845 0.460635 0.0175517 0.0137945
0 0.49171 0.00296628 0.0136665 0.00637273
0 0.256344 0.787582 0.0214181 0.0166713
0 0.479545 0.316897 0.0130591 0.014612
0 0.224889 0.0869784 0.0160584 0.0177804
0 0.0891513 0.925398 0.0183408 0.0268188
0 0.125691 0.571692 0.0195756 0.0371481
0 0.411129 0.00607108 0.0112976 0.0109661
0 0.0126785 0.114708 0.0133423 0.0182427
0 0.372458 0.727867 0.0166732 0.015645
0 0.248889 0.103542 0.0111566 0.0122237
0 0.577173 0.992014 0.0148969 0.0154432
0 0.806597 0.518538 0.0150126 0.0140734
0 0.129623 0.0803725 0.0159531 0.0120624
0 0.555289 0.218569 0.010244 0.0128882
0 0.418831 0.189518 0.0141148 0.0216888
0 0.870171 0.181285 0.0131744 0.0156735
0 0.201182 0.765759 0.0171634 0.0191442
0 0.0764899 0.462012 0.0161507 0.0146376
0 0.607607 0.846802 0.0164294 0.0134362
0 0.530636 0.0733582 0.0124539 0.0146472
0 0.183855 0.751863 0.0179978 0.0183322
0 0.496006 0.470493 0.0126203 0.0187013
0 0.170485 0.0633707 0.0123829 0.0175008
0 0.804536 0.542326 0.0158854 0.0192082
0 0.426475 0.0205227 0.015484 0.0134445
0 0.425666 0.0210022 0.0129559 0.01138
0 0.748934 0.993822 0.0117998 0.0120543
