0 0.69027 0.522384 0.024542 0.021517
0 0.28743 0.447452 0.020238 0.026426
0 0.652973 0.122856 0.0180078 0.0208881
0 0.754445 0.618209 0.0214798 0.0227616
0 0.676965 0.30644 0.0170669 0.0203661
0 0.194046 0.542416 0.0210404 0.0339354
0 0.677582 0.171024 0.0170319 0.0262395
0 0.409259 0.00988991 0.0166846 0.0181686
0 0.988138 0.68197 0.0213623 0.016858
0 0.0879686 0.952326 0.0147827 0.02779
0 0.699982 0.986317 0.0219018 0.025521
0 0.963461 0.431209 0.0168037 0.0132907
0 0.498889 0.113206 0.0164793 0.0190517
0 0.434798 0.0107531 0.0137495 0.0141128
0 0.887879 0.454488 0.0146222 0.0215312
0 0.444559 0.453822 0.0248668 0.0199242
0 0.568325 0.172679 0.0142798 0.0224908
0 0.578619 0.737279 0.0148143 0.0279225
0 0.970877 0.9437 0.0180039 0.0220619
0 0.939431 0.250764 0.0124329 0.017352
0 0.186897 0.758709 0.0259781 0.0297287
0 0.98297 0.237196 0.015763 0.0130016
0 0.495125 0.646162 0.0213087 0.0255615
0 0.515936 0.478662 0.0168567 0.0203846
0 0.54144 0.481046 0.0142766 0.0184199
0 0.127084 0.568594 0.0182132 0.0332904
0 0.913593 0.0465017 0.0152392 0.0210889
0 0.231011 0.740852 0.0166636 0.0201849
0 0.259073 0.789982 0.0251561 0.0200564
0 0.0526956 0.286682 0.0143741 0.0157097
0 0.278615 0.324617 0.015492 0.0196645
0 0.569277 0.097903 0.0197226 0.01782
0 0.490388 0.824406 0.0163803 0.0148696
0 0.409882 0.391452 0.0142545 0.0128379
0 0.894575 0.766334 0.0128855 0.0243027
0 0.0315896 0.494623 0.0180507 0.0166918
0 0.0783637 0.344364 0.0147221 0.0192203
0 0.958276 0.036586 0.0133426 0.0135928
0 0.843111 0.230342 0.0203605 0.0244859
0 0.519441 0.296968 0.0153135 0.017933
0 0.312843 0.189953 0.0180641 0.0143865
0 0.300327 0.12615 0.0143232 0.0133902
0 0.272149 0.798264 0.0227222 0.0199093
0 0.00407689 0.137247 0.00776568 0.0165856
0 0.807667 0.978791 0.0132239 0.0167096
0 0.511435 0.792233 0.0170677 0.0135189
0 0.0463838 0.434773 0.0126714 0.0172094
0 0.103361 0.546 0.0168073 0.0148726
0 0.0128177 0.114776 0.0122121 0.0175538
0 0.0901225 0.478439 0.0194596 0.0149326
0 0.702393 0.25878 0.0132778 0.0113006
0 0.677274 0.269041 0.0151656 0.0165986
0 0.372818 0.728739 0.0167124 0.0149121
0 0.460231 0.671818 0.0184972 0.0137773
0 0.171876 0.670285 0.0177841 0.0239164
0 0.456208 0.298241 0.017154 0.0172603
0 0.124381 0.0695178 0.0180008 0.0196319
0 0.404247 0.919122 0.0132753 0.021796
0 0.491301 0.00306639 0.0148079 0.00682395
0 0.856965 0.421095 0.0142992 0.0125322
0 0.612011 0.844053 0.0160533 0.010702
0 0.0893177 0.939665 0.019895 0.0498598
0 0.248545 0.103425 0.011305 0.0127588
0 0.478102 0.317642 0.013339 0.0148609
0 0.0888276 0.926725 0.0185515 0.0270438
0 0.870789 0.181068 0.0124819 0.016194
0 0.255975 0.787737 0.0202467 0.0156932
0 0.181944 0.066084 0.0127568 0.0135638
0 0.81702 0.173053 0.0114006 0.0169403
0 0.5314 0.0731762 0.0126091 0.0154584
0 0.806526 0.518474 0.0151579 0.0144323
0 0.201353 0.766849 0.0168878 0.0192794
0 0.0996333 0.461033 0.0164707 0.0140545
0 0.556747 0.216936 0.0111171 0.0140652
0 0.0768069 0.462128 0.0169878 0.0150508
0 0.574819 0.993643 0.015574 0.0126219
0 0.464909 0.0494799 0.0125068 0.01597
0 0.247782 0.0780885 0.0155884 0.0158149
0 0.183793 0.752341 0.0183406 0.0184711
0 0.224564 0.0873802 0.015095 0.0178409
0 0.749526 0.993639 0.012212 0.0120608
0 0.197337 0.536019 0.0144188 0.0205712
