0 0.690236 0.522058 0.0252074 0.0222737
0 0.286187 0.446059 0.0214775 0.0206974
0 0.652911 0.122733 0.0181434 0.0211314
0 0.677511 0.306646 0.0171719 0.0214015
0 0.754354 0.617793 0.0215453 0.0231104
0 0.88871 0.456297 0.0175242 0.02345
0 0.194028 0.541686 0.0198929 0.0292429
0 0.0403907 0.442685 0.0105823 0.0210714
0 0.0874581 0.951698 0.013508 0.0261592
0 0.677613 0.17052 0.0165386 0.0250899
0 0.983832 0.679355 0.0206896 0.0189753
0 0.573948 0.0941322 0.0169029 0.0248966
0 0.963243 0.431172 0.0161246 0.0132565
0 0.444733 0.453654 0.0243092 0.0195363
0 0.498896 0.11303 0.0168311 0.019473
0 0.700027 0.986354 0.0215773 0.0252581
0 0.913488 0.0463424 0.0159037 0.0211584
0 0.568324 0.172414 0.0148677 0.0234816
0 0.188022 0.758473 0.0269199 0.028883
0 0.306274 0.12823 0.0172693 0.0159934
0 0.982709 0.237495 0.0151587 0.0124743
0 0.939627 0.242744 0.0148183 0.0137295
0 0.495133 0.646134 0.020691 0.0249813
0 0.231067 0.740512 0.0165639 0.0194608
0 0.410219 0.391157 0.0152674 0.0131781
0 0.490702 0.824017 0.0174516 0.0151994
0 0.579163 0.737052 0.0152385 0.0266032
0 0.894537 0.767085 0.013646 0.0258223
0 0.259786 0.790699 0.0264766 0.0200853
0 0.518849 0.296963 0.0156137 0.0177203
0 0.13378 0.075425 0.0148197 0.0159194
0 0.67706 0.267923 0.0154765 0.0184652
0 0.127122 0.569191 0.0178436 0.0331104
0 0.464674 0.0492261 0.0122347 0.0147956
0 0.958364 0.0367761 0.0142795 0.0138907
0 0.0318926 0.494175 0.0177382 0.0167564
0 0.278759 0.327049 0.0145704 0.0126001
0 0.702512 0.258661 0.013811 0.0128878
0 0.843259 0.230403 0.0220218 0.0255237
0 0.434326 0.00952354 0.0140386 0.0118766
0 0.511897 0.792278 0.0175096 0.0136365
0 0.272088 0.798038 0.0233761 0.0199697
0 0.313133 0.189842 0.0180507 0.014773
0 0.0449352 0.289031 0.0122679 0.0184896
0 0.970865 0.944757 0.0176269 0.0202235
0 0.103553 0.545805 0.0170342 0.0153403
0 0.0125916 0.114539 0.0132538 0.0185237
0 0.456161 0.298432 0.0172252 0.0174089
0 0.172076 0.669964 0.017766 0.023767
0 0.404082 0.918703 0.0137408 0.0224831
0 0.00396384 0.137265 0.0076964 0.0168512
0 0.0788047 0.344429 0.015234 0.0187941
0 0.418276 0.192375 0.0194051 0.0275337
0 0.0894253 0.478586 0.0183355 0.0148031
0 0.857177 0.420559 0.0149444 0.0140474
0 0.460204 0.671444 0.0182961 0.0139018
0 0.491502 0.00308284 0.0149986 0.00664542
0 0.793545 0.946047 0.0171867 0.0321155
0 0.411093 0.601673 0.0181004 0.0127583
0 0.816332 0.966313 0.0139453 0.0216874
0 0.248419 0.103386 0.0109752 0.0122108
0 0.530835 0.0733172 0.0126662 0.016598
0 0.816806 0.172542 0.0113041 0.0165807
0 0.25644 0.787161 0.0216647 0.0159426
0 0.372359 0.728188 0.0161101 0.0148667
0 0.0995701 0.460976 0.0166767 0.0140587
0 0.543137 0.472209 0.0149356 0.0155222
0 0.496586 0.479297 0.0124876 0.0190307
0 0.0886343 0.925924 0.0182086 0.0253772
0 0.411324 0.00649422 0.0119326 0.0110569
0 0.8064 0.518704 0.0157933 0.0148654
0 0.818031 0.935721 0.0117795 0.0144055
0 0.201377 0.766114 0.0168412 0.0187016
0 0.55624 0.217871 0.0112889 0.0139117
0 0.609291 0.848019 0.0165026 0.0131001
0 0.870484 0.18138 0.0134891 0.0171542
0 0.0765763 0.462046 0.0164493 0.014957
0 0.224762 0.087314 0.0157253 0.0174603
0 0.576711 0.993945 0.0162531 0.0118389
0 0.18374 0.752095 0.0179106 0.0179838
0 0.805061 0.543287 0.0155747 0.0189404
0 0.424865 0.0238533 0.0136938 0.0120001
0 0.174766 0.0679392 0.00887196 0.011662
0 0.690884 0.522561 0.0241958 0.0202657
