0 0.287613 0.443398 0.0200353 0.026173
0 0.690461 0.522207 0.0248608 0.0213808
0 0.677343 0.306928 0.0166106 0.0213385
0 0.754449 0.618043 0.0211685 0.0233397
0 0.193188 0.542681 0.0205582 0.0310733
0 0.652963 0.122793 0.0173484 0.0201311
0 0.981373 0.678058 0.0168013 0.0176406
0 0.677433 0.170411 0.0155922 0.0237933
0 0.888909 0.459387 0.0220471 0.0154122
0 0.963521 0.431156 0.0162505 0.0135242
0 0.813618 0.943654 0.0134126 0.0257168
0 0.444584 0.453824 0.0247207 0.0196854
0 0.499023 0.113335 0.017264 0.0190137
0 0.0877267 0.951992 0.0138644 0.0269054
0 0.700018 0.985925 0.020149 0.0255569
0 0.913563 0.0462103 0.0158043 0.0218851
0 0.248826 0.0860367 0.0167418 0.0268372
0 0.495057 0.646036 0.0204144 0.0239443
0 0.128005 0.56642 0.0172818 0.0305425
0 0.224503 0.0875924 0.0169029 0.018759
0 0.188947 0.758757 0.0294827 0.0300658
0 0.970549 0.943785 0.0182287 0.021028
0 0.894345 0.76658 0.0130965 0.0244358
0 0.490263 0.82451 0.0178145 0.0158668
0 0.568302 0.170682 0.0133594 0.0242893
0 0.279157 0.327867 0.0151819 0.0132747
0 0.306859 0.124505 0.0189812 0.0169006
0 0.464598 0.0497231 0.0116893 0.0158224
0 0.958574 0.0368119 0.0147191 0.0141558
0 0.230939 0.740273 0.0167118 0.0197676
0 0.579048 0.734744 0.0140854 0.0233319
0 0.119117 0.0926519 0.0185568 0.0204506
0 0.00457573 0.67864 0.00895836 0.0198977
0 0.982902 0.237127 0.0152496 0.0129856
0 0.410639 0.00683493 0.0143801 0.0134902
0 0.410012 0.39138 0.0153516 0.0136493
0 0.436576 0.0368158 0.0139242 0.0163079
0 0.938 0.245329 0.0135563 0.0127685
0 0.43477 0.00929804 0.0139274 0.012471
0 0.259149 0.790406 0.0261388 0.0196172
0 0.10392 0.545687 0.0176473 0.0155276
0 0.511331 0.792089 0.0163021 0.0136322
0 0.575036 0.0967374 0.0140812 0.0212199
0 0.272152 0.798086 0.0224702 0.0200095
0 0.411754 0.60186 0.0176377 0.0131472
0 0.518529 0.297259 0.0151079 0.0166647
0 0.088732 0.478379 0.0175835 0.0145251
0 0.793019 0.944478 0.0143733 0.0310155
0 0.418051 0.192235 0.0159366 0.0262942
0 0.702026 0.258663 0.0138744 0.0113455
0 0.4566 0.298579 0.0175313 0.0173764
0 0.251174 0.0937385 0.0139763 0.0158127
0 0.677148 0.268959 0.0154094 0.0158265
0 0.313078 0.18994 0.017958 0.0150815
0 0.403944 0.919311 0.0132316 0.0215614
0 0.479551 0.319978 0.0115942 0.0134497
0 0.00392694 0.137154 0.0076266 0.0160525
0 0.0785409 0.344149 0.0149727 0.0193977
0 0.856572 0.420362 0.0151917 0.0136436
0 0.459793 0.671671 0.0187821 0.0132258
0 0.491784 0.00311941 0.0142818 0.00661689
0 0.498633 0.459803 0.0158311 0.0149847
0 0.171755 0.670388 0.01794 0.0239084
0 0.842233 0.23097 0.0200398 0.0231523
0 0.0129712 0.114653 0.0119856 0.01718
0 0.0360432 0.294078 0.0125285 0.0129687
0 0.246704 0.0785834 0.0155573 0.015928
0 0.81655 0.172631 0.0103369 0.0159784
0 0.256095 0.787232 0.0210229 0.0153885
0 0.0402247 0.458847 0.0134147 0.0106329
0 0.555052 0.215901 0.0121497 0.0176587
0 0.539263 0.471667 0.0152822 0.013445
0 0.578515 0.993347 0.0147336 0.0131561
0 0.0992497 0.460829 0.015865 0.0132828
0 0.554097 0.216029 0.00984774 0.0161691
0 0.8702 0.181645 0.012849 0.016299
0 0.530447 0.0742525 0.0122614 0.0162672
0 0.201096 0.766224 0.0166245 0.0187182
0 0.60533 0.851552 0.0142375 0.0132257
0 0.806681 0.518023 0.0150564 0.0146778
0 0.372491 0.728424 0.0156742 0.0142307
0 0.183445 0.751804 0.0184237 0.0184739
0 0.0314595 0.494826 0.0182432 0.0166195
0 0.0768666 0.462037 0.0160986 0.0142724
0 0.180103 0.0475839 0.0103153 0.015828
0 0.74868 0.993735 0.0123405 0.0127658
