0 0.690245 0.522011 0.0251361 0.0217106
0 0.677318 0.306767 0.0177447 0.021166
0 0.652887 0.122865 0.0176667 0.0210817
0 0.194075 0.542278 0.0212836 0.0321968
0 0.754651 0.617828 0.0208032 0.0231916
0 0.979554 0.686426 0.0169621 0.017077
0 0.457457 0.0568316 0.0259507 0.0294937
0 0.889573 0.457453 0.0217679 0.0160462
0 0.0876547 0.9521 0.0145348 0.0264204
0 0.677476 0.170073 0.0165603 0.0257995
0 0.495023 0.645882 0.0195847 0.0240145
0 0.280236 0.329836 0.0171196 0.0154008
0 0.435344 0.00930584 0.0143354 0.0133967
0 0.963818 0.431233 0.0159521 0.0128591
0 0.499418 0.113278 0.0176211 0.0192983
0 0.00572117 0.692421 0.0115214 0.0177916
0 0.937578 0.24274 0.0167746 0.0155639
0 0.190823 0.759401 0.0309643 0.0305845
0 0.982682 0.23742 0.0169829 0.0134381
0 0.445391 0.454379 0.0228392 0.0191808
0 0.815317 0.936473 0.0107411 0.0176765
0 0.289569 0.445762 0.0172694 0.0234497
0 0.700164 0.985867 0.0206878 0.0253941
0 0.490469 0.825224 0.0168294 0.0156422
0 0.970887 0.943907 0.0191392 0.0226601
0 0.894401 0.766523 0.0141105 0.0250442
0 0.231108 0.740656 0.0167505 0.0199353
0 0.172302 0.670168 0.0192035 0.0239648
0 0.0889729 0.478839 0.0188931 0.0164039
0 0.567984 0.172399 0.0136929 0.0233708
0 0.913681 0.0466639 0.0157589 0.0215303
0 0.103093 0.545542 0.017967 0.0159791
0 0.411024 0.00633634 0.0135257 0.0126676
0 0.409618 0.391592 0.0148551 0.0131489
0 0.261114 0.792013 0.0254378 0.0197811
0 0.958307 0.0367776 0.0134427 0.0138131
0 0.842476 0.230586 0.0233164 0.0254877
0 0.272166 0.798087 0.0225194 0.0195284
0 0.305605 0.121239 0.0174375 0.0148166
0 0.41804 0.194263 0.0172544 0.0270217
0 0.702628 0.258819 0.0147738 0.0124348
0 0.519133 0.297943 0.0159439 0.018169
0 0.579076 0.735979 0.014008 0.025701
0 0.0352036 0.465575 0.0129799 0.0112627
0 0.0785313 0.344196 0.0153176 0.0199274
0 0.575193 0.095606 0.0147689 0.0202303
0 0.511251 0.792221 0.0161443 0.013232
0 0.456936 0.298756 0.0183657 0.0183872
0 0.224545 0.0882667 0.0166008 0.0179658
0 0.48775 0.325585 0.0215159 0.0190006
0 0.491573 0.00309501 0.0150391 0.00653357
0 0.411 0.602074 0.0177778 0.0132117
0 0.856861 0.421228 0.014935 0.0137056
0 0.254417 0.101402 0.0136899 0.0243642
0 0.182877 0.0349495 0.0144094 0.01569
0 0.677437 0.268953 0.0164282 0.0171254
0 0.460103 0.671775 0.0178674 0.0132104
0 0.0039695 0.137797 0.00789451 0.0172388
0 0.49006 0.448402 0.0119048 0.0196096
0 0.246552 0.0777632 0.0162643 0.0155008
0 0.578454 0.994865 0.0144595 0.0104138
0 0.535216 0.473783 0.0155877 0.0127048
0 0.404164 0.91929 0.0131617 0.0220629
0 0.31276 0.190028 0.0180115 0.0147458
0 0.0126908 0.114648 0.0126383 0.0178718
0 0.255872 0.787266 0.0206414 0.0160488
0 0.267316 0.433556 0.0137303 0.0152877
0 0.125303 0.572699 0.0215542 0.0386127
0 0.815957 0.172368 0.0107628 0.0157826
0 0.0994103 0.461188 0.0163958 0.0138109
0 0.869688 0.182301 0.0127449 0.01694
0 0.0311449 0.49481 0.0181688 0.015976
0 0.80697 0.518448 0.0146931 0.0140772
0 0.530944 0.0743951 0.0127056 0.0161036
0 0.59287 0.847608 0.0144553 0.015924
0 0.201071 0.766568 0.0167716 0.018435
0 0.088794 0.926803 0.0186568 0.026075
0 0.0765029 0.462092 0.0162574 0.0156226
0 0.805382 0.542533 0.0154922 0.0186119
0 0.183969 0.752192 0.0179607 0.0183117
0 0.555675 0.21151 0.0100859 0.0156493
0 0.691494 0.522311 0.0240626 0.0198278
0 0.748855 0.993502 0.012169 0.0127823
