0 0.690329 0.522182 0.024497 0.021409
0 0.193936 0.542471 0.0205414 0.031098
0 0.652794 0.12254 0.018042 0.0207176
0 0.677008 0.306787 0.0171335 0.0205963
0 0.978638 0.683672 0.0159054 0.0169535
0 0.754487 0.617917 0.0210211 0.0226133
0 0.6774 0.170171 0.0163298 0.025623
0 0.0875603 0.952386 0.0142478 0.0265961
0 0.889363 0.458428 0.022218 0.015334
0 0.811082 0.940566 0.0190606 0.0169725
0 0.00516681 0.691388 0.0107093 0.0146257
0 0.963396 0.431389 0.016384 0.0128406
0 0.495047 0.64575 0.0203345 0.0240667
0 0.498791 0.112791 0.0163211 0.0189743
0 0.699762 0.986131 0.020975 0.0253725
0 0.289258 0.445497 0.0159612 0.0218574
0 0.434975 0.00906439 0.0136877 0.0120527
0 0.280056 0.328989 0.0162457 0.014312
0 0.937597 0.24238 0.0197617 0.0149279
0 0.958508 0.0370089 0.0147465 0.0134281
0 0.189953 0.758976 0.0306722 0.0301974
0 0.444922 0.453763 0.0230001 0.0188174
0 0.894577 0.766256 0.0136477 0.0246115
0 0.971486 0.944492 0.0169119 0.020842
0 0.982495 0.237129 0.0163686 0.0129305
0 0.913804 0.0468224 0.0166121 0.0218956
0 0.0377572 0.455151 0.0130004 0.0122016
0 0.490399 0.82483 0.0167319 0.0156193
0 0.103656 0.545664 0.0181371 0.0159503
0 0.457438 0.298446 0.0192672 0.0192702
0 0.30516 0.12194 0.0170705 0.0152637
0 0.579219 0.735348 0.0138974 0.0238248
0 0.410479 0.391358 0.0141391 0.0126464
0 0.231004 0.740603 0.0160419 0.0191784
0 0.128469 0.564718 0.0163405 0.026131
0 0.567935 0.172598 0.0138656 0.0231406
0 0.485137 0.45585 0.0125422 0.0189635
0 0.0783745 0.344321 0.0155396 0.0202262
0 0.0868381 0.478103 0.0187009 0.0203192
0 0.418371 0.193291 0.016153 0.0269218
0 0.181114 0.0347464 0.0150843 0.0146432
0 0.535175 0.467138 0.0165745 0.0140043
0 0.262899 0.792601 0.0258582 0.0202277
0 0.511747 0.792177 0.016846 0.0137074
0 0.313044 0.189802 0.0180347 0.0149891
0 0.41121 0.00621109 0.013361 0.0123045
0 0.272256 0.798373 0.0226396 0.0198122
0 0.702389 0.258691 0.0143775 0.0120941
0 0.518888 0.297751 0.0155597 0.0172913
0 0.574209 0.0979505 0.0156487 0.0204168
0 0.224278 0.088097 0.0167879 0.0185577
0 0.132412 0.0937435 0.0127169 0.0180848
0 0.246909 0.0776576 0.0155043 0.0148848
0 0.00400797 0.137379 0.0078757 0.0172568
0 0.0317215 0.494595 0.0193913 0.0169746
0 0.487611 0.325391 0.0213217 0.0191039
0 0.856987 0.420603 0.0149798 0.013782
0 0.172017 0.670208 0.0188445 0.0246619
0 0.843025 0.230831 0.0229095 0.0239167
0 0.0125731 0.114713 0.0123683 0.0180454
0 0.40395 0.918769 0.0132458 0.0230228
0 0.491503 0.00310952 0.0148836 0.00644188
0 0.0226525 0.294664 0.0138015 0.0158037
0 0.459943 0.672006 0.0181461 0.0133109
0 0.67717 0.269064 0.0155587 0.0172938
0 0.456255 0.0474772 0.0229468 0.0160396
0 0.256339 0.787332 0.0204765 0.0163484
0 0.257016 0.0996571 0.0113464 0.0231805
0 0.272409 0.439287 0.0129691 0.0171154
0 0.793046 0.946686 0.0141087 0.0284044
0 0.0990911 0.460687 0.0167785 0.0126777
0 0.869959 0.181486 0.0134181 0.0163028
0 0.530567 0.0738835 0.0133034 0.0165706
0 0.372374 0.728224 0.0165505 0.0155505
0 0.806954 0.518235 0.0143237 0.0144354
0 0.0886121 0.926419 0.0192936 0.0261681
0 0.81672 0.172182 0.0107754 0.0158585
0 0.200972 0.766534 0.0169519 0.0182581
0 0.450945 0.0456601 0.0149251 0.0136295
0 0.464017 0.049187 0.0115851 0.013259
0 0.804623 0.542648 0.0147891 0.0184301
0 0.183581 0.751912 0.0183087 0.0183073
0 0.0762763 0.46246 0.0159016 0.0146006
0 0.575905 0.996347 0.013779 0.00716031
0 0.623925 0.609628 0.0116817 0.0179516
0 0.555642 0.211324 0.0101855 0.0153732
0 0.749095 0.993878 0.0120311 0.0119604
