0 0.287057 0.44642 0.0202092 0.0237607
0 0.690279 0.522127 0.024675 0.0217009
0 0.677065 0.306951 0.0167547 0.0207404
0 0.754422 0.617925 0.0209658 0.0224397
0 0.652939 0.122577 0.0178711 0.0211793
0 0.193743 0.541448 0.0202537 0.0307328
0 0.444541 0.453734 0.0249964 0.0199133
0 0.888683 0.45514 0.0162633 0.0217134
0 0.676916 0.170289 0.0164186 0.0254708
0 0.499391 0.11303 0.016994 0.0193097
0 0.699878 0.985296 0.021206 0.0263244
0 0.963628 0.430912 0.0161539 0.0134001
0 0.5792 0.736166 0.0148939 0.0263373
0 0.913066 0.0460272 0.0153642 0.021425
0 0.0878219 0.95133 0.014432 0.0276742
0 0.191606 0.7595 0.0328888 0.0304903
0 0.134126 0.0640562 0.0131053 0.0206616
0 0.568243 0.1717 0.0142749 0.0235405
0 0.3058 0.127958 0.0165614 0.0153469
0 0.49486 0.645893 0.0198302 0.0246632
0 0.970967 0.944523 0.0177236 0.0198247
0 0.982755 0.237027 0.0157471 0.013555
0 0.958593 0.0363033 0.0134535 0.0140608
0 0.518822 0.296475 0.0145628 0.0178052
0 0.503244 0.476757 0.0169963 0.0167731
0 0.984432 0.678771 0.0218307 0.0189543
0 0.894763 0.76625 0.0133314 0.024081
0 0.0315602 0.494436 0.0179404 0.0166955
0 0.231074 0.740226 0.0166331 0.0192909
0 0.278264 0.326725 0.0138714 0.0123174
0 0.0435839 0.441419 0.0130178 0.0141327
0 0.410305 0.391253 0.0142876 0.0125413
0 0.490256 0.82356 0.0172073 0.014788
0 0.265941 0.793416 0.02669 0.0202096
0 0.434645 0.00977007 0.014184 0.0121972
0 0.0783544 0.344345 0.0144553 0.0184494
0 0.842957 0.230145 0.0204784 0.0244023
0 0.103263 0.545783 0.0174859 0.0151629
0 0.572104 0.094631 0.0168579 0.0212229
0 0.511334 0.791759 0.0158725 0.013707
0 0.171886 0.669892 0.0176839 0.0231531
0 0.940375 0.246234 0.0163224 0.0145404
0 0.128627 0.56199 0.0145338 0.0217651
0 0.70263 0.258357 0.0135632 0.012218
0 0.677058 0.268223 0.0151746 0.0170853
0 0.456135 0.297887 0.0162051 0.0172619
0 0.00387496 0.136865 0.00740417 0.0158653
0 0.0130397 0.114676 0.0117908 0.0165848
0 0.272144 0.798015 0.0223727 0.0194831
0 0.411716 0.601725 0.0175902 0.0135338
0 0.856891 0.421376 0.015225 0.013995
0 0.540593 0.476919 0.0129276 0.0157713
0 0.0893681 0.478691 0.0185381 0.0140538
0 0.460162 0.671665 0.0174686 0.0132904
0 0.404385 0.919146 0.0135696 0.0218045
0 0.465038 0.0491543 0.0111166 0.0146299
0 0.940685 0.246602 0.0164844 0.014995
0 0.180582 0.067271 0.0113288 0.0131439
0 0.812237 0.966169 0.0145217 0.0188841
0 0.806431 0.518515 0.015553 0.0146036
0 0.47953 0.317965 0.0124643 0.013561
0 0.31233 0.189628 0.0162387 0.0140864
0 0.817061 0.171926 0.0108382 0.0152464
0 0.256635 0.787738 0.02087 0.0168419
0 0.531082 0.0734065 0.0125493 0.0161796
0 0.410752 0.00692513 0.0113241 0.0101301
0 0.418665 0.189962 0.0152504 0.0238843
0 0.491599 0.00302239 0.0146187 0.00649928
0 0.248544 0.103471 0.0110614 0.0127647
0 0.611114 0.845449 0.0140464 0.0115837
0 0.225129 0.086772 0.0161918 0.0177031
0 0.576282 0.992152 0.0141351 0.0153762
0 0.0497843 0.295279 0.0130861 0.0137858
0 0.556524 0.217149 0.0105045 0.0132213
0 0.87082 0.181398 0.0119898 0.0149842
0 0.0995756 0.460792 0.0158998 0.0136522
0 0.820196 0.936293 0.0111899 0.0134299
0 0.420497 0.0209298 0.0142438 0.0148825
0 0.805008 0.542255 0.0159432 0.017969
0 0.372476 0.728184 0.0162431 0.015162
0 0.201043 0.765809 0.0176153 0.0183786
0 0.0765531 0.462229 0.016622 0.0152702
0 0.18404 0.751945 0.0185364 0.0179909
0 0.247904 0.0787171 0.0157008 0.0158089
0 0.749254 0.993425 0.011649 0.0122715
