0 0.288128 0.444647 0.019289 0.0246661
0 0.690153 0.522179 0.0251417 0.021654
0 0.65267 0.122809 0.0187198 0.0213562
0 0.67735 0.30695 0.0173413 0.0214394
0 0.754452 0.61811 0.0213151 0.0224991
0 0.193627 0.54267 0.0208411 0.032171
0 0.677231 0.170709 0.0168957 0.0254679
0 0.494895 0.645828 0.0206506 0.0249107
0 0.0874998 0.952189 0.0142019 0.027079
0 0.963557 0.43133 0.0162721 0.0130771
0 0.889128 0.459232 0.0220933 0.0163887
0 0.444773 0.453761 0.024487 0.0188674
0 0.980806 0.677182 0.0163406 0.0180424
0 0.813882 0.942788 0.0132415 0.0235498
0 0.499032 0.113328 0.0168058 0.0184475
0 0.91336 0.0466375 0.0155399 0.0212312
0 0.971265 0.944483 0.0184142 0.022374
0 0.699929 0.986446 0.0200599 0.0242445
0 0.568218 0.171879 0.0136811 0.0238716
0 0.8947 0.767898 0.0138887 0.0272092
0 0.279256 0.327861 0.0151397 0.0127968
0 0.578863 0.735442 0.0139244 0.0241634
0 0.982576 0.237365 0.0156413 0.0129663
0 0.187561 0.758549 0.0266429 0.0294789
0 0.306551 0.126115 0.0173865 0.0162521
0 0.958134 0.0368571 0.0139866 0.0139744
0 0.128403 0.56594 0.0167132 0.030416
0 0.410102 0.391487 0.0155925 0.0128665
0 0.500868 0.456076 0.0184365 0.0158946
0 0.272133 0.797956 0.0233053 0.0206145
0 0.490511 0.824476 0.0176805 0.0153266
0 0.464859 0.0499345 0.0125793 0.0171246
0 0.257123 0.788969 0.0243469 0.0188148
0 0.939893 0.245127 0.0123454 0.0121481
0 0.410824 0.00646352 0.0130114 0.0126476
0 0.231005 0.74097 0.016825 0.0197697
0 0.104045 0.546048 0.0179741 0.0160561
0 0.434313 0.0327526 0.0140583 0.0158409
0 0.67746 0.268714 0.0162393 0.0175967
0 0.0361783 0.291297 0.0136593 0.014576
0 0.575688 0.0964178 0.0141401 0.0209522
0 0.434851 0.00934263 0.0140659 0.0124754
0 0.115264 0.0782572 0.00985044 0.0203532
0 0.511095 0.792226 0.0169528 0.0137442
0 0.0405111 0.459701 0.013851 0.0107782
0 0.0893035 0.478607 0.0193147 0.0148782
0 0.00390938 0.137281 0.00752213 0.0168744
0 0.171851 0.670385 0.0177602 0.0235661
0 0.404058 0.918713 0.0139551 0.0235023
0 0.0785799 0.344813 0.014183 0.0185426
0 0.224663 0.08801 0.0164966 0.017825
0 0.411851 0.60192 0.0172211 0.0128788
0 0.518813 0.297419 0.0153351 0.0169635
0 0.792802 0.94515 0.0144064 0.0309224
0 0.816464 0.172084 0.0110444 0.0158022
0 0.312561 0.190178 0.0179795 0.0145701
0 0.856713 0.421156 0.015178 0.0137152
0 0.491547 0.00315931 0.0147044 0.0067313
0 0.456263 0.298677 0.0172673 0.0171448
0 0.479604 0.320148 0.0120702 0.0135863
0 0.702254 0.25879 0.0137168 0.012011
0 0.459881 0.671619 0.0188116 0.0138565
0 0.842678 0.231308 0.0201833 0.022977
0 0.41876 0.191073 0.0150627 0.0236005
0 0.541977 0.470271 0.0166163 0.0136608
0 0.0887314 0.926003 0.0185009 0.0272328
0 0.247127 0.0782619 0.0142713 0.0159692
0 0.607045 0.85125 0.0163991 0.0140626
0 0.0890626 0.93902 0.0197554 0.0502899
0 0.577533 0.993735 0.0152418 0.0124348
0 0.0996508 0.460817 0.0163497 0.0137498
0 0.372517 0.728479 0.0164447 0.0150994
0 0.806361 0.518475 0.0156963 0.014061
0 0.551225 0.218783 0.0104324 0.0168324
0 0.869921 0.181632 0.0128851 0.0157225
0 0.201242 0.766559 0.0166977 0.0189508
0 0.182066 0.0516421 0.00932393 0.0163171
0 0.0765463 0.462219 0.01671 0.0147336
0 0.530388 0.0742533 0.0125539 0.015414
0 0.804742 0.542884 0.0163056 0.0193958
0 0.183684 0.752108 0.0182155 0.0181968
0 0.544511 0.471122 0.0210593 0.0149089
0 0.623998 0.609713 0.0114348 0.0177325
0 0.0314688 0.494747 0.0197158 0.0171292
0 0.248699 0.0960893 0.0131132 0.0144917
0 0.690479 0.522675 0.0236225 0.0194819
0 0.748535 0.993785 0.0123843 0.0125038
0 0.197328 0.536409 0.0139045 0.0195175
