0 0.690418 0.521736 0.0254221 0.0225084
0 0.979332 0.678631 0.0169843 0.0206319
0 0.283716 0.444803 0.02468 0.0244454
0 0.754562 0.618197 0.0219114 0.0237788
0 0.652887 0.123003 0.0175849 0.0209897
0 0.677675 0.170233 0.0168176 0.0265074
0 0.677208 0.30679 0.0169924 0.021208
0 0.193426 0.542781 0.0208932 0.0324332
0 0.0872482 0.951965 0.0140769 0.026763
0 0.889007 0.459526 0.0227057 0.0162922
0 0.00476124 0.683449 0.00907783 0.0191723
0 0.963638 0.431353 0.0167742 0.0134448
0 0.498871 0.113176 0.0166322 0.0188454
0 0.699953 0.985664 0.0209041 0.026064
0 0.444679 0.453678 0.0237233 0.0191486
0 0.0843237 0.474248 0.0234401 0.0266078
0 0.495075 0.646109 0.0202289 0.0242745
0 0.188911 0.758755 0.0293289 0.030511
0 0.958309 0.036668 0.0146754 0.0140994
0 0.971269 0.944041 0.0182352 0.0216124
0 0.125747 0.571541 0.0199977 0.0379299
0 0.812617 0.945049 0.0151325 0.0246785
0 0.272238 0.798019 0.0224624 0.0198531
0 0.493399 0.456961 0.0146268 0.0177566
0 0.43473 0.00918291 0.0133731 0.0123834
0 0.231212 0.740706 0.0170458 0.0199053
0 0.279505 0.328117 0.0150767 0.0127821
0 0.579586 0.734824 0.0144358 0.0234735
0 0.567788 0.171932 0.0134779 0.0238254
0 0.490388 0.824595 0.0164135 0.0152725
0 0.41044 0.391517 0.0146048 0.0130553
0 0.982968 0.237458 0.0153307 0.012599
0 0.894526 0.767067 0.0135643 0.025618
0 0.575046 0.0994294 0.0158653 0.022245
0 0.939245 0.245482 0.0166638 0.0132509
0 0.511367 0.792139 0.017074 0.0136842
0 0.305269 0.122518 0.0173737 0.0154846
0 0.257121 0.789223 0.0238115 0.018909
0 0.0786996 0.343953 0.0153583 0.0195951
0 0.178572 0.0384234 0.013904 0.0156061
0 0.00392258 0.136912 0.00767089 0.0175579
0 0.913877 0.0467679 0.0162144 0.0211556
0 0.464419 0.0499353 0.0142997 0.0216865
0 0.535828 0.465267 0.014257 0.0121655
0 0.411064 0.00605446 0.0130094 0.0120618
0 0.41186 0.601912 0.016716 0.0130498
0 0.702302 0.258647 0.0142839 0.0113351
0 0.103507 0.545563 0.017603 0.0153846
0 0.172553 0.669783 0.0197897 0.0250648
0 0.856994 0.420692 0.0154095 0.0137876
0 0.794563 0.945426 0.0171556 0.0305399
0 0.518491 0.297242 0.0144222 0.0167462
0 0.456247 0.298552 0.0174063 0.0178099
0 0.0126218 0.115075 0.0132624 0.0181977
0 0.403985 0.91918 0.0136123 0.0232099
0 0.677117 0.268458 0.0150719 0.0171337
0 0.0312737 0.292943 0.0126704 0.0138599
0 0.312815 0.189899 0.0173802 0.0150837
0 0.0396637 0.456541 0.0144062 0.0110611
0 0.224604 0.0879159 0.0172097 0.0189416
0 0.459746 0.671558 0.0180806 0.01353
0 0.247113 0.0772847 0.0163206 0.0156343
0 0.557134 0.211455 0.0126919 0.0178297
0 0.0314233 0.494511 0.0197407 0.0169808
0 0.491403 0.00304997 0.0151846 0.00646418
0 0.0887298 0.926426 0.019819 0.0281023
0 0.25498 0.787128 0.0202851 0.0145391
0 0.842079 0.230597 0.0200559 0.0240711
0 0.816414 0.172736 0.0108722 0.0169829
0 0.098723 0.460562 0.0151509 0.0119223
0 0.125048 0.0921385 0.0176382 0.0159251
0 0.806603 0.518371 0.0155815 0.0144808
0 0.869858 0.181307 0.0131569 0.015977
0 0.530882 0.0740462 0.0125289 0.0155275
0 0.201393 0.76675 0.0170046 0.0188199
0 0.372185 0.728239 0.0166621 0.0152293
0 0.258479 0.0965424 0.0112743 0.0211437
0 0.805378 0.543381 0.0172048 0.019996
0 0.183636 0.752108 0.0187395 0.0189945
0 0.581303 0.992809 0.0131018 0.0137388
0 0.555649 0.21184 0.00955505 0.0160826
0 0.196877 0.536392 0.0138929 0.0198632
0 0.749045 0.993267 0.0124881 0.0125707
