0 0.690493 0.522269 0.0256554 0.0214465
0 0.978445 0.681423 0.0160932 0.0197867
0 0.677462 0.307076 0.0173884 0.0215799
0 0.193651 0.542341 0.0207128 0.0315415
0 0.652804 0.122406 0.0175416 0.0205276
0 0.754666 0.617625 0.021066 0.0232594
0 0.677448 0.169986 0.0158474 0.0245203
0 0.00391274 0.68849 0.00798009 0.0163122
0 0.700106 0.98597 0.0200367 0.0247115
0 0.81075 0.940538 0.0189769 0.0159711
0 0.889261 0.458155 0.0218534 0.0156264
0 0.494927 0.645839 0.0200705 0.0242871
0 0.0876348 0.952161 0.0139454 0.027112
0 0.490263 0.457251 0.0155086 0.0187344
0 0.43492 0.0093471 0.0136769 0.0129836
0 0.963657 0.431377 0.016203 0.0130202
0 0.288839 0.445347 0.0175869 0.0225371
0 0.280082 0.328613 0.0165858 0.0144952
0 0.444738 0.453944 0.0235083 0.0191427
0 0.894576 0.766586 0.0138993 0.0249654
0 0.535128 0.466089 0.0164964 0.015224
0 0.188483 0.758776 0.0273987 0.0295883
0 0.133694 0.090116 0.0113222 0.018228
0 0.958411 0.0368008 0.0139631 0.0137727
0 0.498436 0.112429 0.0159162 0.0180047
0 0.457506 0.298513 0.0196708 0.018853
0 0.913401 0.0466502 0.0154693 0.0208742
0 0.937565 0.243975 0.0182782 0.0138503
0 0.305232 0.121581 0.0173834 0.0150831
0 0.0858391 0.476422 0.020638 0.0234572
0 0.579475 0.735937 0.0145702 0.0250629
0 0.464132 0.0495154 0.0132751 0.013254
0 0.982784 0.237415 0.0150184 0.0123758
0 0.567932 0.171987 0.0140393 0.0236054
0 0.231146 0.74091 0.0168784 0.0198654
0 0.970819 0.944323 0.0189816 0.0222335
0 0.574058 0.0995686 0.0181453 0.0234457
0 0.272185 0.798216 0.022737 0.0198375
0 0.519056 0.297721 0.0165795 0.0184416
0 0.49038 0.82441 0.0163331 0.0150752
0 0.258361 0.789811 0.0246412 0.0190982
0 0.702557 0.258565 0.0140417 0.0122321
0 0.1035 0.545704 0.0167993 0.0157959
0 0.127852 0.565413 0.0159717 0.0270425
0 0.0784471 0.344347 0.0149824 0.0187739
0 0.409919 0.391143 0.0148275 0.0130407
0 0.410927 0.0064622 0.0146766 0.0127763
0 0.00376123 0.137075 0.00741888 0.0164861
0 0.0290293 0.293326 0.0130331 0.011562
0 0.48797 0.325509 0.0222233 0.0205609
0 0.0316401 0.494426 0.0192195 0.0165139
0 0.312909 0.189775 0.0176584 0.0148312
0 0.171782 0.66987 0.0183088 0.0244575
0 0.511591 0.79206 0.0161628 0.0134132
0 0.411961 0.601598 0.0162416 0.0125718
0 0.0372287 0.454647 0.0129581 0.0121949
0 0.857169 0.420835 0.0148698 0.0135836
0 0.842199 0.230933 0.0206971 0.0238022
0 0.676789 0.268785 0.0159431 0.016723
0 0.180551 0.0355713 0.0148498 0.0140922
0 0.447089 0.0518385 0.0157179 0.0123858
0 0.404073 0.918886 0.0134687 0.0219995
0 0.246423 0.0775431 0.0156619 0.014503
0 0.816612 0.172062 0.0109534 0.0166492
0 0.417858 0.192441 0.0166729 0.0262811
0 0.459992 0.67192 0.0185684 0.0133507
0 0.49165 0.0031291 0.0141849 0.00653893
0 0.577357 0.994842 0.0126067 0.0104066
0 0.224667 0.0880688 0.0165259 0.0181754
0 0.089041 0.925949 0.0181873 0.0260235
0 0.255769 0.786874 0.0204457 0.0147188
0 0.273206 0.440446 0.012773 0.0175024
0 0.0126969 0.114792 0.012382 0.0177098
0 0.792883 0.946722 0.0138454 0.0289483
0 0.870038 0.181879 0.0133143 0.0151468
0 0.257303 0.0993776 0.0112853 0.0245538
0 0.0992796 0.46062 0.0161195 0.012821
0 0.201271 0.766692 0.0165151 0.0185081
0 0.806998 0.518505 0.0144445 0.0139462
0 0.805212 0.543136 0.0155939 0.0184811
0 0.0764321 0.462639 0.0159793 0.0153495
0 0.183763 0.752192 0.0179198 0.0182662
0 0.372416 0.728123 0.0161531 0.0147989
0 0.530919 0.0740468 0.012361 0.0155709
0 0.690712 0.522778 0.0239911 0.0193632
0 0.597142 0.849187 0.00900173 0.0153508
0 0.555604 0.211207 0.0100046 0.0148743
