0 0.690501 0.522049 0.0248346 0.0220895
0 0.287574 0.446507 0.0199418 0.0244032
0 0.653149 0.12264 0.0177106 0.0212545
0 0.677312 0.305986 0.0171794 0.0207481
0 0.193884 0.542191 0.020011 0.0306344
0 0.754691 0.617667 0.021087 0.0228068
0 0.987631 0.681029 0.0221702 0.0175849
0 0.0876225 0.95155 0.014402 0.027508
0 0.677427 0.170221 0.016371 0.0238051
0 0.410681 0.0106582 0.0144039 0.0201224
0 0.699913 0.985904 0.0207405 0.0255362
0 0.435018 0.0103355 0.0144796 0.0144727
0 0.96366 0.43109 0.0159206 0.0128066
0 0.49925 0.113056 0.0168363 0.0187107
0 0.578754 0.737337 0.0157257 0.0275345
0 0.49516 0.645996 0.0204456 0.0253435
0 0.913564 0.0462507 0.0148956 0.0205278
0 0.186477 0.758447 0.0252715 0.0290806
0 0.887668 0.454415 0.0142562 0.0214683
0 0.444487 0.45403 0.0252326 0.0207604
0 0.0321107 0.494817 0.018987 0.0169611
0 0.89482 0.766756 0.0142692 0.0257989
0 0.127961 0.567932 0.0170078 0.0312897
0 0.983084 0.237036 0.0156428 0.0130008
0 0.568568 0.172287 0.0141641 0.0230196
0 0.51523 0.479218 0.0166705 0.0187278
0 0.0533053 0.285945 0.0155814 0.0153089
0 0.958019 0.0365312 0.0134064 0.0134438
0 0.542526 0.479691 0.0176141 0.0191485
0 0.230914 0.740221 0.0163718 0.019603
0 0.272245 0.797949 0.0226208 0.0201734
0 0.569103 0.0983167 0.0209804 0.0179802
0 0.939917 0.251268 0.0112889 0.0158776
0 0.971252 0.944238 0.0172796 0.0214055
0 0.259425 0.790004 0.0248 0.0198555
0 0.410184 0.391139 0.0145153 0.012815
0 0.27877 0.322642 0.0156399 0.0205978
0 0.490549 0.824046 0.0163348 0.014498
0 0.312776 0.189706 0.0175193 0.0146374
0 0.299679 0.124539 0.0152132 0.0141036
0 0.511331 0.791922 0.0166929 0.0139167
0 0.103484 0.54574 0.0167057 0.0151212
0 0.0785905 0.34405 0.0154787 0.0192896
0 0.0127785 0.114876 0.0130353 0.0181704
0 0.00390934 0.137017 0.00756659 0.0166849
0 0.519548 0.296741 0.0147736 0.0173889
0 0.702393 0.258678 0.0136978 0.011658
0 0.0898263 0.478626 0.0193978 0.0151489
0 0.843211 0.230807 0.0194088 0.0231588
0 0.40408 0.918195 0.0137857 0.0234936
0 0.676932 0.26827 0.0145667 0.0168129
0 0.856919 0.420645 0.0154256 0.0140365
0 0.491729 0.00302264 0.0150282 0.0065349
0 0.171748 0.669677 0.0180675 0.0229998
0 0.809085 0.977785 0.0137705 0.0171267
0 0.460197 0.671217 0.0173394 0.0133907
0 0.122504 0.0672711 0.0152736 0.0184944
0 0.372406 0.728515 0.0168198 0.0154343
0 0.200682 0.766248 0.0187749 0.0210911
0 0.277818 0.3214 0.0133126 0.0180854
0 0.0993176 0.461043 0.0174176 0.01433
0 0.182324 0.066754 0.0122289 0.0144828
0 0.256544 0.78705 0.0205542 0.0159569
0 0.456091 0.298028 0.0160067 0.0168238
0 0.248726 0.103124 0.0117661 0.0127067
0 0.816922 0.171897 0.0106873 0.0147508
0 0.0885986 0.926075 0.0186845 0.0252973
0 0.806373 0.518397 0.0160455 0.014841
0 0.478185 0.318104 0.0126094 0.0143666
0 0.612238 0.844382 0.0152185 0.0101314
0 0.418876 0.189174 0.0132708 0.0205148
0 0.531506 0.0730367 0.0123857 0.0153127
0 0.556633 0.217131 0.0108122 0.0138291
0 0.870506 0.181439 0.0126576 0.0152937
0 0.201397 0.766758 0.0167535 0.0190183
0 0.0764429 0.462115 0.0171563 0.0153626
0 0.247703 0.0777959 0.0152628 0.0154425
0 0.183822 0.752276 0.0181887 0.0183742
0 0.804471 0.542585 0.0164431 0.0200632
0 0.573017 0.994306 0.0150824 0.0116786
0 0.573043 0.994003 0.0153759 0.0120884
0 0.224568 0.0871399 0.0152441 0.0171919
0 0.464845 0.0491566 0.0119269 0.0161546
0 0.691265 0.522503 0.0236781 0.0200695
