0 0.690218 0.522003 0.0255687 0.0225295
0 0.980127 0.678462 0.0180343 0.0190301
0 0.193634 0.542582 0.0212268 0.0322461
0 0.677533 0.306332 0.017778 0.0221903
0 0.652962 0.123029 0.0179295 0.0212558
0 0.754498 0.617989 0.0206605 0.0221796
0 0.677426 0.170292 0.0160025 0.0252749
0 0.889286 0.459243 0.0224011 0.0156432
0 0.0875493 0.952068 0.0146085 0.0266171
0 0.963481 0.431049 0.0168275 0.0135471
0 0.498904 0.11301 0.0168563 0.0193987
0 0.444432 0.453867 0.0243733 0.0201612
0 0.700009 0.98641 0.0202396 0.0248327
0 0.00433425 0.680836 0.00827273 0.0224955
0 0.286316 0.444089 0.0206956 0.0255017
0 0.495146 0.64581 0.0206647 0.0248797
0 0.279882 0.328194 0.0159053 0.0137583
0 0.190991 0.759479 0.03191 0.0313802
0 0.812463 0.945943 0.0151138 0.0277919
0 0.913747 0.0466367 0.0155193 0.0214419
0 0.958626 0.0367724 0.0140763 0.014568
0 0.982597 0.237466 0.0156232 0.0128655
0 0.567972 0.172438 0.0134663 0.0228513
0 0.971327 0.94487 0.0173112 0.0197499
0 0.89486 0.766753 0.01339 0.0247192
0 0.409977 0.391439 0.0155432 0.0134916
0 0.579058 0.735396 0.0138597 0.0242463
0 0.490427 0.824552 0.0168569 0.0151094
0 0.224103 0.0879513 0.0173288 0.0194138
0 0.456995 0.298638 0.0186541 0.0186717
0 0.411012 0.00654994 0.0140685 0.0131309
0 0.260199 0.791195 0.0258851 0.0200132
0 0.440106 0.0353435 0.00984235 0.0160378
0 0.128324 0.564732 0.0150501 0.0266206
0 0.103544 0.546053 0.0169857 0.0154281
0 0.231201 0.740975 0.0163418 0.0194967
0 0.938955 0.245602 0.0143084 0.0126109
0 0.518809 0.297544 0.0155408 0.0178589
0 0.305137 0.123276 0.017109 0.0159071
0 0.434405 0.00938786 0.014212 0.0123108
0 0.511497 0.792136 0.0171184 0.0137665
0 0.0780814 0.344476 0.0148337 0.019103
0 0.0328751 0.294334 0.0122226 0.0137183
0 0.0872411 0.477292 0.0190439 0.0176178
0 0.272243 0.798122 0.022713 0.019935
0 0.702205 0.25877 0.0141029 0.011858
0 0.403879 0.919597 0.0137863 0.0228074
0 0.677426 0.26899 0.0160563 0.0173777
0 0.256307 0.0948354 0.0116102 0.0188356
0 0.57477 0.0981305 0.01408 0.0215342
0 0.491339 0.00321526 0.0156557 0.0066794
0 0.794122 0.94563 0.016524 0.0308374
0 0.411668 0.601979 0.0175213 0.013465
0 0.0399386 0.457216 0.0148352 0.0113525
0 0.816765 0.172301 0.0109747 0.0164446
0 0.85666 0.421005 0.0148013 0.0134392
0 0.460123 0.671997 0.0186737 0.0135388
0 0.17158 0.670094 0.0174361 0.0241119
0 0.535645 0.467668 0.0152802 0.0123926
0 0.313017 0.189711 0.018482 0.0149741
0 0.842782 0.230171 0.0222244 0.0248072
0 0.46487 0.0493797 0.0127422 0.0166162
0 0.419126 0.191743 0.0144704 0.0240368
0 0.246704 0.0777812 0.0161996 0.0143476
0 0.00389606 0.137217 0.00736163 0.0170414
0 0.256141 0.787271 0.0206399 0.0158128
0 0.0886017 0.926002 0.0198583 0.0280002
0 0.557135 0.212348 0.0119824 0.0173649
0 0.0990334 0.461039 0.0167865 0.0135388
0 0.0315459 0.494637 0.0189416 0.0173276
0 0.496782 0.46208 0.0120421 0.0169777
0 0.870193 0.181506 0.0130326 0.0155217
0 0.372245 0.728215 0.0163981 0.0149043
0 0.806539 0.518655 0.0153575 0.0145643
0 0.530848 0.073843 0.0125915 0.0156892
0 0.581001 0.993238 0.0133578 0.0134417
0 0.200957 0.766582 0.0173785 0.0190971
0 0.601638 0.850828 0.0119838 0.0155216
0 0.805309 0.543247 0.0164037 0.0189514
0 0.555742 0.212387 0.00900364 0.0159603
0 0.178922 0.0422198 0.0126459 0.0160266
0 0.0765671 0.462712 0.0167819 0.0151151
0 0.183727 0.751881 0.0183194 0.0184236
0 0.120299 0.0934706 0.0169907 0.0146388
0 0.197011 0.536386 0.0143764 0.0196297
0 0.690587 0.522468 0.0242901 0.0205944
