0 0.690294 0.522388 0.0249332 0.0217814
0 0.652938 0.123011 0.0182431 0.0213987
0 0.286438 0.446635 0.0208145 0.0196959
0 0.754244 0.618216 0.0212926 0.0228862
0 0.677263 0.306935 0.0171595 0.0211726
0 0.677492 0.170891 0.0165655 0.0259859
0 0.888304 0.456854 0.0173832 0.0233569
0 0.194079 0.54214 0.020866 0.0319588
0 0.039261 0.443845 0.0104097 0.021638
0 0.574516 0.0939823 0.0161749 0.0233167
0 0.495064 0.646106 0.0207617 0.0254502
0 0.0875125 0.951965 0.0140044 0.0265077
0 0.983319 0.679603 0.0184616 0.0155994
0 0.963734 0.431366 0.0152305 0.0128353
0 0.699615 0.986684 0.0191291 0.0239791
0 0.498736 0.113575 0.0167677 0.0193436
0 0.306621 0.127899 0.0180917 0.0157325
0 0.190125 0.759533 0.030368 0.03025
0 0.5684 0.172496 0.0147818 0.0235097
0 0.272292 0.798465 0.0225226 0.020079
0 0.031922 0.494509 0.0183142 0.0165929
0 0.444506 0.454005 0.0248286 0.0201133
0 0.0452135 0.287174 0.0145761 0.0180225
0 0.982844 0.237483 0.0154927 0.0121459
0 0.970882 0.944189 0.0187671 0.0215877
0 0.231272 0.741181 0.0162055 0.0196676
0 0.518934 0.297086 0.0157573 0.0180053
0 0.257739 0.789267 0.0237037 0.019031
0 0.894496 0.766932 0.0135539 0.0243675
0 0.913748 0.0468785 0.0155487 0.0216186
0 0.939097 0.243072 0.0153005 0.0135729
0 0.490463 0.824344 0.0170252 0.0148362
0 0.958176 0.0370178 0.0133593 0.0133947
0 0.410481 0.391615 0.0148646 0.0128344
0 0.579047 0.73609 0.0137065 0.0248305
0 0.0127549 0.114942 0.0136329 0.018795
0 0.127383 0.567785 0.0177796 0.0333307
0 0.278452 0.327403 0.0141451 0.0126011
0 0.545017 0.470994 0.0218948 0.0155809
0 0.0787428 0.344684 0.0154834 0.0190497
0 0.702652 0.258888 0.0136403 0.0119137
0 0.842492 0.230385 0.0217381 0.0253374
0 0.511157 0.792527 0.0162952 0.013009
0 0.43455 0.00970515 0.0139864 0.012537
0 0.0039471 0.137173 0.00753885 0.0172202
0 0.089544 0.478527 0.0193505 0.0151858
0 0.677381 0.268905 0.0155351 0.0168495
0 0.411921 0.602126 0.0181308 0.0133661
0 0.171748 0.67027 0.018075 0.0243543
0 0.224712 0.0875488 0.0166334 0.0176688
0 0.491322 0.00310779 0.0142162 0.00661729
0 0.857095 0.421147 0.0147328 0.0135187
0 0.456209 0.298201 0.0167415 0.0174834
0 0.404072 0.919055 0.0132479 0.0221163
0 0.103037 0.545794 0.0169228 0.0151255
0 0.460135 0.671945 0.0181278 0.0138725
0 0.131814 0.0788078 0.01452 0.0124922
0 0.816713 0.173326 0.0115763 0.0172009
0 0.49588 0.475705 0.0120498 0.0202119
0 0.248402 0.103431 0.0118963 0.0125491
0 0.793681 0.945974 0.0161157 0.0297946
0 0.418319 0.191925 0.0160183 0.0258446
0 0.312917 0.190035 0.0176079 0.01391
0 0.576625 0.993705 0.0149058 0.0128058
0 0.530916 0.0737487 0.0130258 0.0160837
0 0.870465 0.181884 0.0123193 0.0151256
0 0.426879 0.0229219 0.0142934 0.014408
0 0.819912 0.963318 0.0147666 0.0233274
0 0.555532 0.218712 0.0109005 0.0139005
0 0.0995319 0.460996 0.0165513 0.0141248
0 0.372121 0.728463 0.016479 0.0152618
0 0.465038 0.0497371 0.0126897 0.0157048
0 0.201278 0.766893 0.0171085 0.0186648
0 0.411118 0.00662665 0.0120059 0.0112279
0 0.0764503 0.46235 0.0167971 0.0154799
0 0.0888728 0.927197 0.0182029 0.0269202
0 0.608516 0.848244 0.0160782 0.0134869
0 0.806816 0.518839 0.014745 0.0140032
0 0.183635 0.752357 0.0178467 0.01823
0 0.247763 0.0789348 0.0154704 0.0161942
0 0.804862 0.543715 0.0156944 0.0190275
0 0.749257 0.994066 0.010192 0.0113345
