0 0.690212 0.522122 0.0246585 0.0220232
0 0.652853 0.122367 0.0180567 0.0208177
0 0.414439 0.0102632 0.0177431 0.0193424
0 0.677417 0.306785 0.0172319 0.0213053
0 0.754156 0.618271 0.0204668 0.0225077
0 0.677538 0.17024 0.0161298 0.0256617
0 0.986639 0.680464 0.0220505 0.0164981
0 0.435899 0.0108218 0.0155623 0.0156516
0 0.194003 0.541722 0.0211331 0.0322722
0 0.0875001 0.951847 0.013403 0.0267469
0 0.700108 0.986146 0.0199044 0.0247797
0 0.287606 0.447557 0.0200046 0.0270196
0 0.963339 0.430938 0.0160659 0.0129251
0 0.495411 0.645823 0.0205349 0.0251203
0 0.444639 0.453772 0.0245743 0.0201315
0 0.888175 0.454298 0.014603 0.0203478
0 0.305214 0.127797 0.0171231 0.0155281
0 0.190346 0.759182 0.0310226 0.0302826
0 0.578579 0.736173 0.0143594 0.0258437
0 0.498887 0.113093 0.0160749 0.0181968
0 0.94045 0.248977 0.0130179 0.0182671
0 0.568407 0.172278 0.0143852 0.023142
0 0.0315535 0.494414 0.0188694 0.0170079
0 0.913336 0.0462021 0.0164133 0.0219183
0 0.0433542 0.442373 0.0125118 0.0149243
0 0.54122 0.478273 0.0154531 0.018675
0 0.231233 0.740485 0.0168744 0.0199161
0 0.278536 0.326768 0.0143966 0.0127586
0 0.971165 0.943974 0.0179267 0.0212502
0 0.982751 0.237387 0.0163448 0.0135675
0 0.894671 0.766737 0.0143258 0.0260911
0 0.842657 0.230373 0.0220802 0.0258351
0 0.958317 0.0363217 0.0147417 0.0146831
0 0.262328 0.791997 0.0258972 0.0200472
0 0.490356 0.824236 0.0161406 0.0143054
0 0.10315 0.545523 0.0173863 0.0152906
0 0.0785044 0.344497 0.0148654 0.0183759
0 0.410143 0.391587 0.0147288 0.0128067
0 0.272263 0.798205 0.0221876 0.0197207
0 0.61019 0.842696 0.0165962 0.0123764
0 0.0533076 0.291333 0.0133437 0.0130121
0 0.519367 0.29673 0.0147277 0.0174541
0 0.171987 0.669711 0.0183868 0.0243388
0 0.00383137 0.136744 0.00739053 0.0165276
0 0.6776 0.268988 0.0161259 0.0180076
0 0.404274 0.918648 0.013325 0.0218956
0 0.511471 0.79204 0.0158826 0.0128239
0 0.411649 0.601734 0.0168573 0.0130057
0 0.857139 0.421044 0.0151426 0.0139093
0 0.45594 0.297746 0.0160397 0.0171371
0 0.460461 0.671442 0.0186453 0.0135505
0 0.0898602 0.478278 0.0193382 0.0142147
0 0.702737 0.258608 0.0134336 0.0119898
0 0.313517 0.190225 0.0182045 0.0145698
0 0.570172 0.0961251 0.0194416 0.0180198
0 0.128042 0.0632689 0.0133808 0.0183216
0 0.0128039 0.11463 0.012586 0.0178459
0 0.0997807 0.460667 0.0162791 0.0139255
0 0.224418 0.0868262 0.0154956 0.0177502
0 0.372649 0.728385 0.016101 0.0151299
0 0.181406 0.0659766 0.012094 0.0120606
0 0.25677 0.787206 0.0208534 0.016533
0 0.0887999 0.926211 0.0186524 0.026149
0 0.578123 0.991211 0.0141084 0.0166663
0 0.491768 0.00306144 0.0144815 0.00667627
0 0.125649 0.571688 0.018845 0.0360811
0 0.465369 0.0490278 0.0112941 0.0141623
0 0.531074 0.0731209 0.0128562 0.0160887
0 0.792322 0.945138 0.0140972 0.030389
0 0.806797 0.518553 0.0143632 0.0145013
0 0.808377 0.966044 0.0132771 0.0179539
0 0.248673 0.10334 0.0113237 0.0127039
0 0.0764927 0.46197 0.0170211 0.0150752
0 0.870572 0.18141 0.0131207 0.0165003
0 0.81681 0.172161 0.011091 0.0155291
0 0.819318 0.936243 0.0133546 0.0153749
0 0.201298 0.766071 0.0170175 0.0189388
0 0.505397 0.472042 0.0166175 0.0150699
0 0.55666 0.216893 0.0109952 0.0142042
0 0.804915 0.543221 0.0151567 0.017898
0 0.183782 0.752158 0.0183005 0.0183722
0 0.247744 0.0779758 0.0160219 0.0160103
0 0.74933 0.993339 0.0129607 0.0125304
0 0.690735 0.522507 0.0235061 0.0200658
