0 0.690127 0.522322 0.024759 0.0218836
0 0.981527 0.678689 0.0199667 0.0190668
0 0.677344 0.306724 0.0167112 0.0207127
0 0.193491 0.542738 0.020564 0.0323118
0 0.652857 0.122695 0.0171934 0.0203644
0 0.754539 0.618457 0.0209899 0.0226283
0 0.286656 0.443442 0.0202053 0.0265129
0 0.677486 0.170382 0.0161684 0.0243035
0 0.889032 0.459431 0.0221436 0.0154203
0 0.70003 0.985705 0.0215087 0.0262449
0 0.963824 0.431497 0.0161576 0.0132287
0 0.190925 0.759664 0.0323879 0.0309519
0 0.499092 0.113038 0.0168015 0.0188743
0 0.495137 0.646326 0.0204591 0.0246041
0 0.0874109 0.952123 0.0135249 0.0272427
0 0.971124 0.944217 0.0182502 0.0217013
0 0.579277 0.735117 0.0140586 0.0238661
0 0.444959 0.453664 0.0233865 0.0188053
0 0.00418494 0.678864 0.00827592 0.0232073
0 0.279451 0.32805 0.015461 0.0135326
0 0.89461 0.766316 0.0136053 0.0248799
0 0.812266 0.945546 0.0154595 0.0276756
0 0.490442 0.824389 0.016961 0.0151443
0 0.913507 0.0468539 0.0148931 0.0202112
0 0.98266 0.237438 0.0155723 0.0126649
0 0.128351 0.564225 0.0162957 0.0272114
0 0.568062 0.172155 0.0132461 0.0224959
0 0.957791 0.0364627 0.0135634 0.0138603
0 0.272266 0.79788 0.0227794 0.0199542
0 0.231012 0.741013 0.0161067 0.0196036
0 0.305904 0.123472 0.0183911 0.0165466
0 0.434699 0.00953864 0.0139841 0.0118672
0 0.410082 0.391275 0.0148503 0.0129949
0 0.257791 0.789701 0.0241035 0.0193387
0 0.249787 0.0861722 0.0189886 0.0268308
0 0.702945 0.259033 0.0149194 0.0121759
0 0.938727 0.245441 0.0134379 0.0138361
0 0.464663 0.0495428 0.0123187 0.0157221
0 0.842898 0.230702 0.0216455 0.0235719
0 0.440869 0.0361214 0.0144408 0.0158548
0 0.411018 0.0062286 0.0131796 0.0125779
0 0.224321 0.0881378 0.0169444 0.0194408
0 0.254339 0.093425 0.0123451 0.0168517
0 0.456708 0.298854 0.0178681 0.0180897
0 0.403715 0.918815 0.0134028 0.0230188
0 0.0788161 0.344401 0.0154581 0.0193879
0 0.0878775 0.477754 0.0184396 0.0154491
0 0.574848 0.0976524 0.013578 0.0214259
0 0.103418 0.545808 0.0172508 0.0153465
0 0.677055 0.268536 0.0151497 0.016997
0 0.172052 0.670155 0.0180884 0.0241725
0 0.518682 0.297456 0.0146221 0.016776
0 0.0341124 0.294887 0.0143708 0.0144272
0 0.79415 0.945797 0.016638 0.0293928
0 0.511514 0.792285 0.0159689 0.0131555
0 0.411899 0.601858 0.0167067 0.0129557
0 0.856789 0.420943 0.0148376 0.0134727
0 0.487243 0.324559 0.0240527 0.021103
0 0.312388 0.190127 0.0177107 0.0152127
0 0.00387615 0.137013 0.00750382 0.0168719
0 0.535425 0.468966 0.0152515 0.0147474
0 0.479863 0.320651 0.011557 0.0138993
0 0.460103 0.671968 0.0180557 0.0133592
0 0.49135 0.00308465 0.0146445 0.00641642
0 0.0402991 0.457889 0.0141289 0.010774
0 0.0889504 0.939023 0.0197616 0.0501748
0 0.119604 0.0939999 0.0163597 0.0145256
0 0.246588 0.0775538 0.0158984 0.0145038
0 0.57989 0.99346 0.0135515 0.013118
0 0.806143 0.518433 0.0164381 0.015366
0 0.255382 0.78711 0.020103 0.0145942
0 0.816828 0.172755 0.0112474 0.0162599
0 0.497045 0.464217 0.0134199 0.0190461
0 0.0887925 0.926259 0.0189238 0.0271268
0 0.281823 0.434211 0.01423 0.0132262
0 0.530652 0.073961 0.0126907 0.0167297
0 0.603374 0.851532 0.0127585 0.0140716
0 0.099758 0.460733 0.0144132 0.0128504
0 0.201231 0.766637 0.0169133 0.0185776
0 0.870146 0.181753 0.0129673 0.016621
0 0.804743 0.542299 0.0166183 0.0189954
0 0.419058 0.190986 0.0143816 0.0230648
0 0.555167 0.213625 0.00895166 0.015241
0 0.372204 0.728311 0.016765 0.0150988
0 0.180249 0.0431214 0.012736 0.0183548
0 0.031579 0.494629 0.0197463 0.0173081
0 0.183695 0.752275 0.0187089 0.0182997
0 0.0764077 0.462403 0.0167081 0.0154777
0 0.196878 0.536446 0.0139831 0.0196368
0 0.748952 0.993691 0.0118268 0.0129025
