0 0.690242 0.521903 0.0247241 0.0222887
0 0.676999 0.307126 0.0165979 0.0208787
0 0.754441 0.618165 0.0219424 0.023811
0 0.193809 0.542689 0.0205662 0.0317978
0 0.0875415 0.952155 0.0148487 0.0271564
0 0.653079 0.122857 0.017773 0.0204801
0 0.978883 0.688297 0.0200865 0.0148653
0 0.889502 0.45836 0.0227642 0.015542
0 0.435143 0.00930418 0.0139916 0.0129759
0 0.498863 0.113123 0.0173914 0.0193589
0 0.677146 0.16969 0.0149254 0.023776
0 0.963793 0.431341 0.0165983 0.0133947
0 0.445295 0.453719 0.0233319 0.0192826
0 0.289414 0.445371 0.016337 0.022747
0 0.280218 0.329802 0.0162949 0.0147589
0 0.00635253 0.692571 0.0126474 0.019277
0 0.700086 0.985734 0.0221169 0.0262367
0 0.495016 0.646113 0.020028 0.0237675
0 0.936707 0.242853 0.0161301 0.0149748
0 0.187803 0.758709 0.0263825 0.0296644
0 0.567829 0.171869 0.0137169 0.0234506
0 0.45643 0.0578393 0.025457 0.0301567
0 0.958411 0.0365189 0.0148144 0.0133699
0 0.982492 0.237347 0.0161199 0.0129689
0 0.231201 0.740674 0.0164839 0.0203819
0 0.816311 0.936314 0.0133348 0.0177479
0 0.579161 0.735313 0.0140995 0.0249283
0 0.272099 0.798296 0.0225544 0.0198692
0 0.102866 0.545347 0.0176416 0.0155389
0 0.894575 0.766417 0.0140675 0.0245174
0 0.913447 0.0468597 0.0156036 0.0218022
0 0.410781 0.0065156 0.0144403 0.0130966
0 0.490713 0.825209 0.0172526 0.0157747
0 0.0892854 0.478586 0.0182149 0.0149119
0 0.303784 0.120582 0.0155395 0.015239
0 0.126908 0.568734 0.0183864 0.0334224
0 0.842584 0.230164 0.0224437 0.0255282
0 0.49692 0.444805 0.0111596 0.0171546
0 0.171741 0.670619 0.0169764 0.0237207
0 0.312456 0.189902 0.0173969 0.0151587
0 0.224024 0.0881116 0.0166008 0.0186092
0 0.971042 0.944652 0.0186982 0.0229578
0 0.41787 0.194387 0.0168913 0.0265804
0 0.410317 0.391508 0.0129192 0.0116461
0 0.0785703 0.344052 0.0156267 0.0200676
0 0.404001 0.918714 0.0135074 0.0230317
0 0.676918 0.268474 0.0162349 0.0169764
0 0.00379746 0.137407 0.00765959 0.0168592
0 0.518832 0.297805 0.0151918 0.0172541
0 0.456707 0.298759 0.0184551 0.0180538
0 0.411671 0.602087 0.0177011 0.0127534
0 0.57598 0.0952058 0.0146321 0.0200002
0 0.511176 0.792292 0.0159584 0.0127202
0 0.200443 0.766087 0.0191841 0.0213264
0 0.857119 0.420756 0.0149738 0.0139724
0 0.702163 0.258907 0.0131372 0.0118847
0 0.460414 0.671654 0.0178138 0.0135548
0 0.589775 0.84582 0.0140924 0.0178635
0 0.491426 0.00312837 0.0151809 0.00671174
0 0.0346681 0.466538 0.0129183 0.0115481
0 0.254075 0.102418 0.0150196 0.0196224
0 0.246329 0.0778732 0.0160207 0.0153593
0 0.0172185 0.276943 0.0125036 0.0131006
0 0.12976 0.100772 0.0137141 0.0146363
0 0.0125966 0.114622 0.0133575 0.0181424
0 0.579668 0.994491 0.0134936 0.0112832
0 0.25598 0.787282 0.0212193 0.0159154
0 0.184545 0.0312246 0.0137385 0.0178724
0 0.792823 0.944934 0.0149808 0.0320855
0 0.0888246 0.926392 0.0191939 0.0266172
0 0.816518 0.172121 0.0109694 0.0155802
0 0.556954 0.211167 0.0122796 0.0165635
0 0.869878 0.181984 0.0128101 0.0156607
0 0.531663 0.472907 0.0151154 0.0152743
0 0.0996957 0.460801 0.0145679 0.0128161
0 0.372007 0.728493 0.0170546 0.0151559
0 0.486529 0.324983 0.0195675 0.0175422
0 0.0311079 0.49478 0.017957 0.0161277
0 0.807059 0.518303 0.014951 0.0140718
0 0.0764856 0.462128 0.0161467 0.0151448
0 0.464804 0.0502595 0.0114318 0.0146643
0 0.183792 0.752174 0.0179668 0.0182192
0 0.530905 0.074235 0.0120474 0.0154063
0 0.805017 0.543203 0.0162153 0.0186193
0 0.55562 0.211444 0.00955329 0.0151494
0 0.196924 0.536606 0.0142647 0.019646
0 0.749177 0.993872 0.0117015 0.012289
