0 0.690154 0.522229 0.0250388 0.0218992
0 0.286788 0.446765 0.0205624 0.0229214
0 0.652934 0.122888 0.0185939 0.021528
0 0.754409 0.617961 0.0218185 0.0231661
0 0.677441 0.307203 0.0175498 0.0220478
0 0.193921 0.542458 0.0201745 0.032004
0 0.888289 0.456184 0.0172927 0.0223839
0 0.0875395 0.952144 0.0149548 0.0271162
0 0.677515 0.171043 0.0164386 0.0251298
0 0.699486 0.986124 0.0197363 0.0250468
0 0.963317 0.431319 0.0171628 0.0136515
0 0.0434603 0.441785 0.0129929 0.0159261
0 0.307295 0.128461 0.0196903 0.017481
0 0.568452 0.17219 0.0145209 0.0240338
0 0.135453 0.0652895 0.0132456 0.019554
0 0.444553 0.454033 0.0246822 0.0197917
0 0.498998 0.113343 0.0162829 0.0189582
0 0.187476 0.758706 0.0257692 0.0299485
0 0.984331 0.679287 0.0212975 0.0183859
0 0.579238 0.736895 0.014495 0.0270541
0 0.501761 0.478351 0.0164149 0.0208864
0 0.272365 0.798461 0.0226924 0.019428
0 0.495605 0.646377 0.0203837 0.0247426
0 0.0314216 0.494339 0.0190018 0.0170101
0 0.572933 0.0945608 0.0157127 0.0214692
0 0.982788 0.237365 0.0154205 0.0123156
0 0.231098 0.741023 0.0175253 0.0204844
0 0.913282 0.0463928 0.0155849 0.020572
0 0.256924 0.789078 0.0238879 0.0189024
0 0.278286 0.326846 0.0142448 0.0127038
0 0.489872 0.824012 0.0164391 0.0144743
0 0.958365 0.0369385 0.0143442 0.0138448
0 0.894421 0.76694 0.0133603 0.0245239
0 0.410624 0.391568 0.0144176 0.0129693
0 0.518689 0.297191 0.015245 0.0172693
0 0.434516 0.0102726 0.0151129 0.0131291
0 0.0781948 0.344532 0.0154439 0.0187609
0 0.128753 0.564953 0.0157409 0.0265453
0 0.843029 0.230342 0.0212226 0.0246912
0 0.172433 0.669923 0.0185602 0.024065
0 0.00384784 0.137429 0.00733139 0.0167107
0 0.103419 0.546129 0.0177091 0.015485
0 0.940875 0.244812 0.0166707 0.0117185
0 0.677156 0.268581 0.0156651 0.0174394
0 0.971119 0.944538 0.0180047 0.0220934
0 0.403986 0.919094 0.0136086 0.0229033
0 0.51116 0.792207 0.0160964 0.0125481
0 0.702526 0.259046 0.0132334 0.0116032
0 0.857075 0.421077 0.0150763 0.0137756
0 0.41188 0.601794 0.0164814 0.0132114
0 0.179492 0.0680607 0.011397 0.0141024
0 0.45648 0.298465 0.0171736 0.0178865
0 0.418046 0.191902 0.0177495 0.0267214
0 0.0894715 0.478599 0.0183848 0.0146279
0 0.816915 0.17263 0.0106757 0.0161196
0 0.460185 0.671795 0.0177355 0.0133772
0 0.0127075 0.114887 0.0124051 0.0175416
0 0.491845 0.00302485 0.0142022 0.00657439
0 0.479564 0.317901 0.0131576 0.0148511
0 0.372492 0.728667 0.0160959 0.0143551
0 0.312495 0.190488 0.0174357 0.0141665
0 0.0888308 0.925881 0.0193262 0.026673
0 0.813511 0.966208 0.013887 0.0197355
0 0.0996404 0.461429 0.0158139 0.0142649
0 0.224738 0.0871199 0.0159774 0.0183902
0 0.540822 0.475927 0.0111812 0.0152278
0 0.465433 0.0495547 0.0111372 0.0151446
0 0.556718 0.217713 0.0116705 0.0140984
0 0.411535 0.00727051 0.0120458 0.0106133
0 0.870522 0.181841 0.0124478 0.0156888
0 0.125928 0.572016 0.0206687 0.0377101
0 0.806171 0.518773 0.0160523 0.014852
0 0.201267 0.766821 0.016593 0.0189002
0 0.53106 0.0735041 0.012474 0.0155017
0 0.611782 0.848032 0.0139193 0.0113089
0 0.076576 0.462062 0.0168886 0.0153576
0 0.420405 0.0228345 0.015683 0.0137274
0 0.542312 0.476105 0.0140434 0.0157077
0 0.247725 0.0785595 0.0162379 0.0157814
0 0.183955 0.752215 0.0177932 0.0185989
0 0.804932 0.543084 0.016404 0.0189276
0 0.575696 0.993784 0.0129061 0.0121999
0 0.197014 0.536488 0.0139756 0.0193293
0 0.749297 0.99362 0.0104403 0.0117559
