0 0.286145 0.442853 0.0208631 0.0269459
0 0.690159 0.521857 0.025196 0.0224283
0 0.67727 0.306464 0.0170895 0.0207973
0 0.754434 0.61796 0.0213858 0.0228499
0 0.677327 0.170532 0.0175469 0.0267359
0 0.652872 0.122786 0.0182835 0.0210077
0 0.19379 0.542021 0.0202102 0.0307842
0 0.982385 0.678163 0.0196685 0.0180824
0 0.888885 0.459094 0.023072 0.0159132
0 0.0873853 0.9522 0.0146013 0.0264114
0 0.964024 0.431223 0.0160905 0.0129799
0 0.499212 0.113218 0.0165473 0.0196996
0 0.913254 0.0462722 0.0148799 0.0200631
0 0.248969 0.086319 0.0185538 0.0271886
0 0.700225 0.986289 0.020272 0.0246847
0 0.958429 0.0368424 0.0143183 0.0134861
0 0.444874 0.453893 0.0234592 0.0187628
0 0.494854 0.6462 0.0199302 0.024106
0 0.813008 0.944836 0.0142519 0.0269052
0 0.894653 0.766729 0.0137197 0.0250285
0 0.189028 0.758715 0.0291577 0.0299315
0 0.568095 0.171011 0.0136804 0.0233505
0 0.306772 0.124284 0.0197819 0.0165208
0 0.982834 0.237213 0.0167053 0.0132655
0 0.279424 0.328022 0.0150866 0.0128663
0 0.00407676 0.678098 0.00815565 0.0213661
0 0.971163 0.94383 0.0185391 0.0213684
0 0.410867 0.00635966 0.0135318 0.0127759
0 0.490592 0.824391 0.0170314 0.0153122
0 0.434669 0.00942647 0.0133083 0.0122181
0 0.231196 0.740424 0.0162915 0.0200725
0 0.127195 0.568034 0.0180205 0.0340514
0 0.224354 0.0878338 0.0175842 0.0199582
0 0.579315 0.73543 0.0139935 0.0243585
0 0.0785486 0.344411 0.0151679 0.0195452
0 0.575468 0.0971282 0.0147636 0.0222963
0 0.938159 0.245605 0.0138361 0.0139544
0 0.258567 0.789799 0.0243464 0.0190785
0 0.103402 0.545608 0.0171599 0.0153167
0 0.0885833 0.478388 0.0177902 0.0151155
0 0.410447 0.39156 0.0139588 0.0124812
0 0.272205 0.798301 0.0223609 0.01949
0 0.70251 0.258823 0.0138463 0.0125666
0 0.518848 0.297571 0.015368 0.017318
0 0.677521 0.268974 0.0165155 0.0177953
0 0.456442 0.298459 0.0178294 0.0177576
0 0.171697 0.670126 0.0175352 0.023297
0 0.856967 0.420789 0.0157575 0.014299
0 0.312696 0.189923 0.0176843 0.0150872
0 0.464928 0.0494261 0.0116405 0.0143303
0 0.842313 0.23072 0.021852 0.0242282
0 0.511227 0.792265 0.0160225 0.0133587
0 0.460209 0.671751 0.0182293 0.0132705
0 0.0403764 0.458194 0.0140352 0.0119875
0 0.438851 0.0377248 0.0138426 0.0128719
0 0.252419 0.0931795 0.0139229 0.017655
0 0.00400279 0.137168 0.00764541 0.0175482
0 0.0352131 0.295071 0.0136633 0.0144593
0 0.816676 0.172139 0.0109696 0.0164925
0 0.497879 0.462949 0.0133272 0.0161282
0 0.404148 0.918975 0.0135788 0.0230969
0 0.411736 0.601898 0.0165154 0.0124981
0 0.793024 0.945243 0.0145698 0.0301026
0 0.119406 0.0940488 0.0177453 0.0164736
0 0.491587 0.00307927 0.0142466 0.00637034
0 0.556311 0.214718 0.0128238 0.0181929
0 0.0122959 0.114611 0.0123108 0.0179198
0 0.417473 0.19283 0.0175954 0.0280191
0 0.0884122 0.926039 0.0191416 0.0279078
0 0.245999 0.0782061 0.0164578 0.016059
0 0.0317941 0.494797 0.0193515 0.0169607
0 0.255345 0.787559 0.0196167 0.0145218
0 0.372552 0.728494 0.0164727 0.0157713
0 0.60423 0.851652 0.0131329 0.0129741
0 0.579211 0.993319 0.01413 0.0133656
0 0.806029 0.518181 0.0163439 0.0142347
0 0.201409 0.766766 0.0166858 0.0183005
0 0.0992869 0.460941 0.0161032 0.0139819
0 0.870187 0.18173 0.0137414 0.0167674
0 0.55509 0.215173 0.00986176 0.0162196
0 0.179705 0.0460401 0.0115231 0.016249
0 0.537175 0.470711 0.0147437 0.0134024
0 0.530674 0.0741571 0.0125061 0.0162816
0 0.0765402 0.462192 0.0163686 0.0147802
0 0.183706 0.751671 0.0182948 0.0179447
0 0.804506 0.543054 0.0165264 0.0198894
