0 0.69014 0.522328 0.0254606 0.0221075
0 0.287373 0.44668 0.0211444 0.0254511
0 0.652945 0.122759 0.018466 0.0216882
0 0.677374 0.307296 0.0171289 0.0215656
0 0.754361 0.618313 0.0216594 0.0224369
0 0.193756 0.542613 0.0211551 0.0330257
0 0.677077 0.170277 0.0161939 0.0248035
0 0.888173 0.456434 0.0164857 0.0228975
0 0.0875474 0.951745 0.0138302 0.0267314
0 0.986268 0.678874 0.020121 0.0178345
0 0.963448 0.431278 0.016974 0.0131647
0 0.305703 0.128467 0.0172565 0.0153726
0 0.568237 0.171985 0.0146117 0.0236143
0 0.191535 0.759649 0.0320667 0.0309107
0 0.579233 0.736218 0.0154699 0.0262271
0 0.444472 0.454091 0.0242126 0.0191181
0 0.940336 0.248151 0.014405 0.0173684
0 0.0434126 0.441375 0.0137116 0.0148782
0 0.272123 0.798426 0.0227993 0.0198029
0 0.128384 0.565733 0.0167042 0.0291694
0 0.231212 0.741091 0.0167007 0.0205113
0 0.498686 0.113206 0.0162471 0.0187359
0 0.434958 0.0102108 0.0135159 0.0124198
0 0.700257 0.986369 0.0196854 0.0241886
0 0.982631 0.23731 0.0161386 0.0130036
0 0.54058 0.477427 0.0144813 0.0172557
0 0.913105 0.0462688 0.0169645 0.0233329
0 0.0317579 0.494395 0.0179583 0.0165107
0 0.495076 0.646496 0.020099 0.0239209
0 0.410276 0.391784 0.0148197 0.0132999
0 0.842809 0.230477 0.0225248 0.0251654
0 0.0783316 0.344315 0.0149907 0.0191085
0 0.278335 0.326813 0.0146837 0.0128931
0 0.957867 0.037403 0.0150137 0.0148169
0 0.25742 0.789058 0.0231121 0.0188128
0 0.49018 0.824081 0.0163551 0.0138654
0 0.0127301 0.114851 0.012237 0.0178787
0 0.51902 0.296915 0.0149724 0.0169982
0 0.172015 0.670005 0.0182976 0.0242482
0 0.571531 0.0958095 0.01767 0.0182222
0 0.894346 0.76697 0.0133313 0.025278
0 0.702406 0.258702 0.0136316 0.0120265
0 0.132229 0.0636978 0.0125693 0.020422
0 0.608901 0.844225 0.0162149 0.0132602
0 0.511527 0.79244 0.0162483 0.0128824
0 0.971078 0.944555 0.0183211 0.0211288
0 0.857113 0.42108 0.0153986 0.013897
0 0.403916 0.91874 0.0142162 0.0235412
0 0.503701 0.474631 0.0164003 0.0156528
0 0.00382914 0.137156 0.00749134 0.0161458
0 0.0898682 0.478756 0.0193058 0.014832
0 0.103949 0.546024 0.0175834 0.01503
0 0.677277 0.269078 0.0151261 0.016933
0 0.0525302 0.295163 0.0120265 0.0133186
0 0.411465 0.60195 0.0167293 0.0128734
0 0.491628 0.00307738 0.0141294 0.00656099
0 0.312817 0.190014 0.0178028 0.0142516
0 0.460107 0.671852 0.0183054 0.013827
0 0.372431 0.728905 0.0162729 0.0150625
0 0.411713 0.00877438 0.0114222 0.0105762
0 0.455824 0.298217 0.0165548 0.0172839
0 0.421898 0.0208374 0.0144952 0.0152343
0 0.0884915 0.925457 0.0192628 0.0260748
0 0.418745 0.190865 0.0145272 0.0237609
0 0.817076 0.172264 0.0107871 0.0150352
0 0.870686 0.181838 0.0133677 0.0157417
0 0.465375 0.0493988 0.0113817 0.0154997
0 0.531023 0.0739595 0.0126717 0.0158183
0 0.181004 0.0672688 0.0116083 0.0117703
0 0.0999145 0.460817 0.014435 0.0134432
0 0.810651 0.965384 0.0142665 0.0192804
0 0.0766469 0.462322 0.0168752 0.0149398
0 0.224919 0.0874406 0.0157472 0.0181433
0 0.806426 0.518655 0.0161758 0.0149928
0 0.577391 0.992828 0.012209 0.0138711
0 0.201169 0.766348 0.0175981 0.0191704
0 0.2477 0.0786601 0.0156118 0.0160183
0 0.556768 0.21719 0.0111233 0.0140006
0 0.820641 0.936874 0.0113954 0.012621
0 0.18408 0.752221 0.0180928 0.0183554
0 0.80509 0.543193 0.0151867 0.0181834
0 0.690446 0.522846 0.0240253 0.0199407
0 0.197132 0.536473 0.0144469 0.0202652
