0 0.690185 0.521969 0.0253177 0.0231901
0 0.286271 0.445456 0.0214678 0.0219013
0 0.653044 0.122608 0.0193074 0.0222058
0 0.754414 0.617936 0.0214283 0.023707
0 0.677224 0.306813 0.0171654 0.0211374
0 0.193945 0.542727 0.0206952 0.0312299
0 0.0875615 0.951638 0.0143429 0.0273454
0 0.677584 0.170152 0.0166676 0.0260505
0 0.0420035 0.44228 0.0115504 0.0194463
0 0.888994 0.455555 0.0167346 0.0216177
0 0.498985 0.112647 0.0174649 0.0200148
0 0.444814 0.453368 0.0235611 0.0190095
0 0.57355 0.0937909 0.016452 0.0221669
0 0.983499 0.679174 0.0213745 0.0196346
0 0.963902 0.430936 0.01631 0.013496
0 0.464195 0.0495679 0.0137089 0.0173563
0 0.568395 0.17197 0.0151479 0.0237591
0 0.700266 0.985601 0.0205401 0.0258695
0 0.0313563 0.494247 0.0198348 0.0168678
0 0.982473 0.237157 0.0165564 0.0132999
0 0.913816 0.0463389 0.0160911 0.0215753
0 0.434506 0.00958874 0.0158083 0.0130064
0 0.189007 0.758878 0.0281991 0.0292956
0 0.306618 0.127928 0.0181598 0.0162485
0 0.272418 0.797946 0.022722 0.0198561
0 0.231236 0.740316 0.016781 0.019747
0 0.495042 0.64588 0.0198871 0.0238786
0 0.579034 0.735859 0.0139191 0.0244273
0 0.958579 0.0368158 0.0146638 0.0149201
0 0.894586 0.766348 0.0138977 0.0243096
0 0.410378 0.391119 0.0142978 0.0129629
0 0.940053 0.24224 0.0176168 0.0131781
0 0.258 0.7894 0.0248513 0.0194194
0 0.490612 0.82374 0.0169806 0.0147535
0 0.278229 0.326981 0.0140388 0.0125327
0 0.51886 0.29653 0.0148238 0.0180112
0 0.0783789 0.344055 0.0148187 0.0184565
0 0.0464549 0.292684 0.0136818 0.0216065
0 0.842703 0.230095 0.0226958 0.0253609
0 0.970554 0.944383 0.0190597 0.0208143
0 0.127105 0.56763 0.0177856 0.0336016
0 0.51139 0.791834 0.0163002 0.0138158
0 0.404116 0.918139 0.0140636 0.0235704
0 0.00394156 0.137018 0.00752159 0.0159837
0 0.135049 0.069683 0.0131856 0.0173113
0 0.1035 0.545622 0.0177235 0.0158443
0 0.702306 0.258324 0.0135168 0.0122271
0 0.856964 0.421124 0.0151927 0.0138008
0 0.0896391 0.478606 0.0191268 0.014901
0 0.312799 0.189863 0.0177989 0.0147644
0 0.500295 0.479336 0.0126863 0.0198248
0 0.677297 0.268635 0.0155644 0.0162955
0 0.1716 0.670184 0.017876 0.0237471
0 0.459953 0.671725 0.0183771 0.0138872
0 0.456351 0.298249 0.0166187 0.0178775
0 0.013131 0.1145 0.0118605 0.0174532
0 0.491189 0.00307087 0.0152367 0.00642093
0 0.0891005 0.925255 0.0192257 0.0263813
0 0.248194 0.103239 0.0115082 0.0128921
0 0.479569 0.317285 0.0126989 0.0142506
0 0.610084 0.848433 0.0157164 0.0127243
0 0.417947 0.19161 0.0176429 0.0257977
0 0.816862 0.172387 0.0114482 0.0169584
0 0.224398 0.086995 0.0155769 0.018105
0 0.177385 0.0678505 0.00993248 0.0131447
0 0.372537 0.727955 0.0159924 0.015139
0 0.806664 0.518683 0.0156652 0.0146672
0 0.793439 0.945294 0.0158194 0.0306567
0 0.255922 0.786975 0.0211688 0.0151753
0 0.815208 0.966317 0.0136549 0.0206429
0 0.0996261 0.460548 0.0163858 0.0137374
0 0.870543 0.181116 0.012692 0.0160123
0 0.201293 0.766196 0.0167616 0.0184718
0 0.411432 0.00643895 0.0122811 0.0105154
0 0.420174 0.023398 0.0139475 0.0110075
0 0.0765779 0.461788 0.017003 0.0154075
0 0.556601 0.217085 0.0117579 0.0141418
0 0.531017 0.0733968 0.0122016 0.0152238
0 0.542972 0.474429 0.0136844 0.015923
0 0.183908 0.752105 0.017844 0.0178925
0 0.805007 0.54312 0.015974 0.0187812
0 0.57574 0.994406 0.0139496 0.0112171
0 0.247561 0.0786303 0.0162583 0.0156278
0 0.748979 0.993024 0.0132246 0.0128301
