0 0.690299 0.521976 0.0253703 0.0220309
0 0.677389 0.306853 0.0174692 0.0216717
0 0.193591 0.542764 0.0209005 0.0320271
0 0.978072 0.681096 0.0172825 0.020993
0 0.652671 0.122891 0.0182731 0.020947
0 0.754463 0.618551 0.022024 0.0229849
0 0.490509 0.456265 0.0167878 0.0202336
0 0.677196 0.169815 0.0162854 0.0248941
0 0.00381779 0.687566 0.0075954 0.0149227
0 0.699941 0.986102 0.0203282 0.0250129
0 0.0874564 0.952232 0.0135231 0.0264053
0 0.888846 0.458582 0.0221196 0.0152737
0 0.494836 0.646038 0.0207435 0.0248617
0 0.963688 0.431171 0.0161448 0.01355
0 0.444797 0.453809 0.0239749 0.0192538
0 0.498677 0.112694 0.017251 0.0188991
0 0.288921 0.445334 0.0179907 0.02259
0 0.434912 0.00920329 0.0142186 0.0130892
0 0.811081 0.940865 0.0179886 0.0158846
0 0.279896 0.328551 0.0160462 0.01372
0 0.534641 0.465607 0.0166365 0.0148572
0 0.939214 0.24435 0.018212 0.0130196
0 0.894553 0.766553 0.0133407 0.0251757
0 0.189677 0.759124 0.0294286 0.0295705
0 0.0863623 0.476579 0.0196297 0.0222945
0 0.305155 0.121736 0.0172008 0.0154476
0 0.573954 0.100175 0.0160035 0.0213613
0 0.98284 0.237515 0.015666 0.0126029
0 0.913744 0.0466238 0.0156946 0.0218267
0 0.579129 0.735891 0.0145496 0.026409
0 0.231061 0.740665 0.0161343 0.0196459
0 0.133021 0.0889162 0.011975 0.0198473
0 0.457306 0.29872 0.0192021 0.0187242
0 0.568014 0.171718 0.0136471 0.0236863
0 0.103409 0.545752 0.0171771 0.0157992
0 0.971062 0.944376 0.0173486 0.0204893
0 0.12828 0.56489 0.015449 0.0271277
0 0.410059 0.391393 0.0146804 0.0134724
0 0.257352 0.789242 0.0238961 0.0189706
0 0.411138 0.00630793 0.0136127 0.0127047
0 0.490262 0.82438 0.0161448 0.0144706
0 0.958457 0.0372828 0.0133923 0.0133738
0 0.464603 0.0494218 0.0129308 0.0140547
0 0.0783567 0.344555 0.0141679 0.0183497
0 0.272079 0.798227 0.0224987 0.0195256
0 0.312569 0.189788 0.0172664 0.0150805
0 0.487658 0.325338 0.0231093 0.021138
0 0.180387 0.0359474 0.014152 0.0134583
0 0.511732 0.792112 0.0165898 0.0132705
0 0.411563 0.601784 0.017301 0.0131644
0 0.0311367 0.2931 0.0126416 0.011131
0 0.51899 0.29779 0.0155809 0.0171809
0 0.0383758 0.454808 0.0136325 0.0112318
0 0.224503 0.0877576 0.0167689 0.0185086
0 0.00391492 0.137255 0.00760528 0.0160538
0 0.67694 0.268749 0.0160156 0.0172857
0 0.0314345 0.494517 0.0184318 0.0166278
0 0.216573 0.033886 0.0222125 0.0205357
0 0.247054 0.0775229 0.0162557 0.0146928
0 0.702146 0.258772 0.0132769 0.0111742
0 0.856918 0.420767 0.0144519 0.0132089
0 0.444778 0.0505314 0.0143804 0.0119526
0 0.481236 0.321985 0.0120724 0.0143111
0 0.459922 0.671787 0.0184612 0.0134357
0 0.171285 0.670374 0.0175152 0.0227412
0 0.793447 0.945077 0.0149505 0.0293678
0 0.842305 0.231355 0.0189099 0.0223579
0 0.255065 0.787001 0.0197635 0.0145394
0 0.418348 0.192319 0.0165857 0.0255989
0 0.49133 0.00304455 0.0144371 0.00644924
0 0.273401 0.440032 0.0121768 0.0170466
0 0.404023 0.919328 0.0132487 0.0221326
0 0.869971 0.181868 0.0125219 0.0162953
0 0.0990885 0.460603 0.0163127 0.0124186
0 0.37251 0.728252 0.0159471 0.0148134
0 0.816382 0.172933 0.011535 0.0177639
0 0.530847 0.074177 0.0125851 0.0163598
0 0.578774 0.994067 0.0119575 0.0119109
0 0.201325 0.766909 0.0165084 0.0180372
0 0.806773 0.518284 0.014415 0.0131531
0 0.257405 0.0989883 0.0110965 0.0238148
0 0.18382 0.752025 0.0178627 0.0176604
0 0.804616 0.543102 0.0149673 0.0186898
0 0.0765292 0.463311 0.0154743 0.0148289
0 0.623802 0.609401 0.0108278 0.018106
0 0.597481 0.849131 0.00930285 0.0160027
0 0.748331 0.99337 0.0129046 0.0128517
0 0.555556 0.211224 0.00919924 0.0144599
0 0.197017 0.536488 0.0142738 0.0191188
