0 0.690166 0.522198 0.0249806 0.0217974
0 0.653041 0.122854 0.0183469 0.021438
0 0.677164 0.306938 0.0171227 0.0209928
0 0.754445 0.618102 0.0214648 0.0224855
0 0.978137 0.685023 0.0153597 0.0164883
0 0.193818 0.542592 0.0210691 0.0322204
0 0.087709 0.952142 0.0143698 0.0264785
0 0.677348 0.170547 0.0161285 0.0254926
0 0.289471 0.445752 0.0158459 0.0219812
0 0.434831 0.00917566 0.0137999 0.01287
0 0.811683 0.940577 0.0176637 0.0181694
0 0.889085 0.458107 0.0222857 0.0160838
0 0.00563044 0.692034 0.0117373 0.0149374
0 0.494999 0.645918 0.0198496 0.024132
0 0.963498 0.431258 0.0164508 0.0133082
0 0.499382 0.113103 0.0166275 0.0191676
0 0.699729 0.986057 0.0206832 0.0253322
0 0.937339 0.24207 0.019037 0.0155165
0 0.279832 0.328804 0.0159433 0.014473
0 0.190856 0.759185 0.031357 0.0306081
0 0.971015 0.944375 0.0181603 0.0208188
0 0.444878 0.454024 0.0233156 0.0183967
0 0.982681 0.237217 0.0167314 0.0132084
0 0.578967 0.735824 0.0137788 0.0251155
0 0.126814 0.569438 0.0189207 0.0353314
0 0.913878 0.0462891 0.0160663 0.0213796
0 0.958087 0.036495 0.014389 0.0134068
0 0.535676 0.467865 0.0169575 0.01368
0 0.567799 0.172286 0.0140855 0.0231831
0 0.23134 0.740714 0.0164891 0.019749
0 0.894345 0.766105 0.0133917 0.0243542
0 0.103204 0.545648 0.0173147 0.0162268
0 0.490699 0.824492 0.0174332 0.0155219
0 0.410032 0.391111 0.0149986 0.012948
0 0.0874824 0.478123 0.0192538 0.0201471
0 0.457729 0.298754 0.0199894 0.0192609
0 0.0784639 0.344672 0.0152036 0.0195678
0 0.410995 0.00638025 0.014271 0.012852
0 0.0373942 0.455416 0.0128878 0.012406
0 0.272394 0.798219 0.0222645 0.0197434
0 0.677104 0.268717 0.0158045 0.0174034
0 0.304934 0.12197 0.0168524 0.0151995
0 0.0316544 0.494447 0.0190926 0.016938
0 0.841962 0.230547 0.0226339 0.0254202
0 0.702647 0.258675 0.0140217 0.0123602
0 0.511698 0.792722 0.016766 0.0130347
0 0.518552 0.297586 0.0151366 0.0174284
0 0.403924 0.918725 0.0130671 0.0223608
0 0.00404201 0.137209 0.00775856 0.0169307
0 0.411646 0.601746 0.0170364 0.012489
0 0.246812 0.0775583 0.0159958 0.0152298
0 0.182163 0.034509 0.0138118 0.0145111
0 0.484347 0.453138 0.0118811 0.0188758
0 0.224598 0.087993 0.0163521 0.0187995
0 0.216169 0.0336012 0.0205892 0.0201353
0 0.171752 0.670363 0.0180389 0.02388
0 0.459014 0.0471671 0.0209542 0.022169
0 0.857036 0.420933 0.0155392 0.0142864
0 0.460052 0.671797 0.0178384 0.0133995
0 0.816555 0.172388 0.0110867 0.0171487
0 0.574303 0.0971522 0.0144059 0.0193115
0 0.256095 0.787409 0.0207835 0.0161976
0 0.313132 0.189656 0.0181505 0.0151134
0 0.0215624 0.290651 0.0136824 0.0240637
0 0.130543 0.0995261 0.0148715 0.0201348
0 0.272335 0.439087 0.0121155 0.0155429
0 0.49132 0.00324199 0.0153658 0.00673343
0 0.0124293 0.114888 0.0124744 0.0184459
0 0.417926 0.19368 0.016607 0.0268769
0 0.530398 0.0736538 0.0131736 0.0168455
0 0.870279 0.181614 0.0127955 0.0157069
0 0.806609 0.518499 0.015243 0.0140171
0 0.0996616 0.460748 0.0152326 0.0123419
0 0.792976 0.946715 0.0145561 0.0281763
0 0.0884094 0.926894 0.0191622 0.0274843
0 0.486314 0.325073 0.0191184 0.0187575
0 0.256632 0.0993525 0.0118244 0.0240266
0 0.575878 0.995784 0.0147145 0.00838947
0 0.201018 0.766407 0.0169593 0.0181367
0 0.372193 0.728275 0.0161319 0.0148841
0 0.804684 0.542828 0.0153821 0.0184348
0 0.0762946 0.462212 0.0163814 0.0151688
0 0.595572 0.847458 0.00925255 0.0147098
0 0.183758 0.751964 0.0180416 0.0184153
0 0.555394 0.211059 0.00990167 0.0158383
0 0.197199 0.536397 0.0144889 0.0198553
