0 0.690038 0.521839 0.025398 0.0220613
0 0.677203 0.306718 0.0173283 0.0214624
0 0.193798 0.542574 0.0207422 0.0315921
0 0.754265 0.618017 0.0214097 0.0223515
0 0.978119 0.680629 0.0176841 0.0228482
0 0.00455343 0.686239 0.00861008 0.0156827
0 0.652635 0.123274 0.0185567 0.021778
0 0.677235 0.169826 0.0165458 0.0251406
0 0.700144 0.986081 0.0210747 0.0252757
0 0.889237 0.458906 0.023714 0.0163491
0 0.0873731 0.951888 0.0137446 0.0256943
0 0.963509 0.431069 0.0166488 0.0133914
0 0.495044 0.64604 0.0210529 0.025393
0 0.444991 0.45403 0.0236848 0.0191774
0 0.498938 0.113059 0.0166676 0.0186971
0 0.575628 0.100187 0.0205216 0.024011
0 0.279879 0.328346 0.0156899 0.0139056
0 0.0852012 0.47555 0.0209306 0.024201
0 0.982406 0.237301 0.016538 0.0125421
0 0.18667 0.758606 0.0251058 0.0286248
0 0.534763 0.465378 0.0171617 0.0156535
0 0.46413 0.0495559 0.0132899 0.0150742
0 0.91339 0.0467128 0.0156382 0.0212355
0 0.939442 0.244793 0.0178182 0.012965
0 0.490986 0.455427 0.0149504 0.0199918
0 0.435279 0.00895644 0.0143121 0.013081
0 0.289026 0.445327 0.0165798 0.0223453
0 0.231163 0.740874 0.0162979 0.0192943
0 0.811608 0.941546 0.0164074 0.0177544
0 0.568003 0.171831 0.0142894 0.0236971
0 0.129996 0.0889492 0.0130957 0.0188997
0 0.579447 0.734607 0.01459 0.0229088
0 0.103603 0.54569 0.0180518 0.0155718
0 0.457271 0.298757 0.0195618 0.0183785
0 0.305179 0.122177 0.0170627 0.0154039
0 0.128086 0.565932 0.0166209 0.0302527
0 0.410178 0.391335 0.0145816 0.0130723
0 0.958035 0.0367789 0.013869 0.0139285
0 0.272271 0.798094 0.0223695 0.0198067
0 0.490436 0.824441 0.016614 0.0148655
0 0.971347 0.944277 0.0173324 0.0210264
0 0.894886 0.766807 0.0139582 0.0250365
0 0.258743 0.789874 0.0236175 0.0189602
0 0.518851 0.297649 0.0158326 0.0175763
0 0.171583 0.670164 0.0182852 0.0239583
0 0.224527 0.0875437 0.0172135 0.0185905
0 0.702123 0.258615 0.014075 0.0120613
0 0.410748 0.00620361 0.0143131 0.0124915
0 0.180317 0.0364486 0.0151683 0.0149962
0 0.511477 0.792001 0.0158865 0.0130734
0 0.79514 0.944595 0.0180308 0.0302608
0 0.40364 0.9189 0.0135022 0.0230786
0 0.857181 0.420805 0.0154117 0.0141646
0 0.0784936 0.344201 0.0149432 0.0192716
0 0.411515 0.601837 0.0178688 0.0138446
0 0.0038391 0.13726 0.00741811 0.0166339
0 0.677236 0.268897 0.0156574 0.0173094
0 0.312529 0.189843 0.0178871 0.0154432
0 0.459718 0.671484 0.0188531 0.0135038
0 0.246852 0.0775432 0.016416 0.0153615
0 0.0397176 0.455368 0.0138985 0.0109152
0 0.0310637 0.293033 0.0126762 0.0126812
0 0.257463 0.0996712 0.0113536 0.0254395
0 0.842847 0.230008 0.0213444 0.0247075
0 0.48754 0.325263 0.0223105 0.0204352
0 0.031446 0.494434 0.0183427 0.0159269
0 0.816489 0.172062 0.0109966 0.0161707
0 0.216075 0.0333311 0.0217118 0.0212933
0 0.418386 0.191711 0.017128 0.0252861
0 0.558937 0.207998 0.016634 0.0239541
0 0.255938 0.787053 0.0193205 0.0144327
0 0.0989541 0.460449 0.0162014 0.0128229
0 0.530732 0.0741197 0.0131802 0.0167345
0 0.491673 0.0030913 0.014916 0.00649217
0 0.44139 0.0468358 0.0166533 0.0120745
0 0.806333 0.518353 0.0152546 0.0140897
0 0.0885849 0.926502 0.0185737 0.0258579
0 0.273969 0.439901 0.0124915 0.01798
0 0.870069 0.181413 0.0135972 0.0169019
0 0.201245 0.766715 0.0167059 0.0187771
0 0.37202 0.728059 0.0169099 0.0148979
0 0.579994 0.993287 0.0133246 0.0129212
0 0.804816 0.542812 0.0159712 0.0196699
0 0.183715 0.752365 0.0178575 0.0177537
0 0.0766358 0.463343 0.0160664 0.0146667
0 0.598116 0.849885 0.00956488 0.0151271
0 0.555779 0.211064 0.0107312 0.0175476
0 0.748782 0.993486 0.0122162 0.0128547
0 0.69072 0.522302 0.024101 0.0199777
