0 0.69025 0.522266 0.0246018 0.0216033
0 0.978243 0.682813 0.015786 0.0173712
0 0.677473 0.306909 0.0175244 0.0220982
0 0.193674 0.542501 0.0206099 0.0317432
0 0.652721 0.122619 0.017997 0.0202977
0 0.754191 0.618017 0.0209603 0.0224397
0 0.0875302 0.952247 0.0142605 0.0261265
0 0.677217 0.169706 0.0162549 0.0252254
0 0.00431888 0.69002 0.00911489 0.0154412
0 0.889042 0.458377 0.0229941 0.0158811
0 0.289235 0.445753 0.0166839 0.0230258
0 0.810867 0.940432 0.0191579 0.015566
0 0.498875 0.112798 0.0166301 0.0196266
0 0.435079 0.00945664 0.0138212 0.0129971
0 0.963453 0.431147 0.0166354 0.0136081
0 0.700112 0.985943 0.0208748 0.0252939
0 0.279935 0.328541 0.0158659 0.0139929
0 0.085576 0.476191 0.0215281 0.0239303
0 0.444584 0.453813 0.0240732 0.0193127
0 0.489233 0.457421 0.0142254 0.0187896
0 0.937139 0.243169 0.0195929 0.0141003
0 0.534723 0.466408 0.0168968 0.0145316
0 0.495023 0.646198 0.0204758 0.0238141
0 0.188754 0.758849 0.0274596 0.0297961
0 0.30542 0.121985 0.0178913 0.0152537
0 0.982938 0.23714 0.0158007 0.0123823
0 0.567933 0.172177 0.0138243 0.0227796
0 0.410806 0.00630545 0.0137721 0.0126534
0 0.573765 0.0991387 0.0161251 0.0214041
0 0.971468 0.944638 0.0175358 0.0207798
0 0.958376 0.0364758 0.014649 0.014981
0 0.258618 0.790252 0.0250505 0.019932
0 0.132925 0.0911326 0.011967 0.0184025
0 0.579251 0.735621 0.014068 0.024736
0 0.230851 0.740638 0.016509 0.0199189
0 0.103331 0.545809 0.0164655 0.0154611
0 0.490336 0.824528 0.0161148 0.0149186
0 0.272094 0.798146 0.0225755 0.0200056
0 0.460947 0.0499634 0.0162209 0.0146306
0 0.518896 0.29778 0.016172 0.0178703
0 0.0374565 0.455113 0.0129085 0.0120496
0 0.12883 0.563624 0.0147699 0.0237035
0 0.078734 0.343964 0.0154867 0.019437
0 0.894572 0.766396 0.0138278 0.0246422
0 0.457157 0.298828 0.0190039 0.0186512
0 0.0040107 0.137351 0.0079009 0.0168214
0 0.410421 0.391383 0.013784 0.0125307
0 0.702495 0.258659 0.013868 0.0123335
0 0.224261 0.0879768 0.0164789 0.0184569
0 0.511775 0.792186 0.016234 0.0134927
0 0.411688 0.601879 0.017867 0.0134605
0 0.181232 0.0348777 0.0147835 0.0137972
0 0.246535 0.0776656 0.0157764 0.0144148
0 0.842177 0.230851 0.0205309 0.023387
0 0.677151 0.268983 0.0161245 0.0174213
0 0.171502 0.67025 0.0174016 0.0236295
0 0.0256544 0.293914 0.0136919 0.011999
0 0.487067 0.324789 0.0207891 0.0202697
0 0.404278 0.91915 0.012969 0.0214826
0 0.0127126 0.115166 0.012419 0.0182171
0 0.856867 0.421045 0.0146702 0.0135398
0 0.272418 0.439733 0.0126808 0.0167175
0 0.460278 0.671974 0.0185579 0.0135951
0 0.418668 0.1922 0.0161324 0.0255767
0 0.0316258 0.494618 0.0184573 0.0165911
0 0.256278 0.78719 0.0206165 0.0157276
0 0.793137 0.946896 0.0145307 0.0289865
0 0.312738 0.189931 0.0172393 0.0144201
0 0.491804 0.00312378 0.0146633 0.00645479
0 0.0988688 0.460733 0.0161764 0.0124332
0 0.816701 0.171987 0.0110873 0.0162381
0 0.913978 0.0473808 0.0175949 0.0236299
0 0.53093 0.0739363 0.0123368 0.0162998
0 0.448296 0.0493274 0.0146582 0.0132854
0 0.870586 0.181547 0.0128119 0.0144708
0 0.257251 0.0990379 0.0109394 0.0233777
0 0.576406 0.995596 0.0131818 0.00879467
0 0.806302 0.518245 0.0156161 0.0139438
0 0.201219 0.766781 0.016518 0.0186287
0 0.463984 0.0498699 0.0113091 0.0140266
0 0.0763519 0.462653 0.0164992 0.0149756
0 0.183789 0.752093 0.0176402 0.0182514
0 0.804912 0.542644 0.0155776 0.0184557
0 0.372201 0.728268 0.0164146 0.0150701
0 0.555802 0.2112 0.0100837 0.0153489
0 0.196987 0.536279 0.0141838 0.0194995
