0 0.690442 0.52214 0.025029 0.0219039
0 0.677296 0.306551 0.0171546 0.0218183
0 0.193863 0.542737 0.0206453 0.0315024
0 0.65285 0.122669 0.0179119 0.0210606
0 0.754831 0.618267 0.0215291 0.02321
0 0.977617 0.688846 0.0187996 0.0161729
0 0.888505 0.455313 0.019646 0.0175357
0 0.677319 0.170015 0.0161419 0.0247583
0 0.0876579 0.952031 0.0143097 0.0265981
0 0.435104 0.00898804 0.0140374 0.0133668
0 0.963516 0.431221 0.016533 0.0130811
0 0.579684 0.734714 0.0140593 0.0231932
0 0.30502 0.117522 0.0186281 0.0141084
0 0.494515 0.645805 0.0197001 0.0236573
0 0.699817 0.98613 0.0211095 0.0252668
0 0.280337 0.330027 0.0159649 0.0147772
0 0.125801 0.571274 0.0211599 0.0381982
0 0.894703 0.767562 0.0145531 0.0280458
0 0.982773 0.237243 0.0174866 0.0137182
0 0.444514 0.453878 0.0238711 0.0189077
0 0.499104 0.113331 0.0159065 0.0181559
0 0.913293 0.0463821 0.0148668 0.0206323
0 0.185392 0.757812 0.02383 0.0279114
0 0.567514 0.172144 0.0136134 0.0226676
0 0.12852 0.101901 0.0153501 0.0144054
0 0.224087 0.0880179 0.0165404 0.0184051
0 0.00648703 0.691852 0.0122766 0.0192488
0 0.971106 0.944751 0.0167665 0.0199715
0 0.935384 0.243522 0.0162199 0.0136805
0 0.842395 0.230285 0.0235217 0.0252179
0 0.28891 0.445183 0.017353 0.0235635
0 0.576323 0.0954733 0.0155036 0.0216021
0 0.231045 0.740839 0.0167706 0.0197635
0 0.490252 0.824924 0.016778 0.0153248
0 0.27202 0.798571 0.0224305 0.0195646
0 0.0894149 0.478767 0.0184908 0.0148669
0 0.958017 0.0364526 0.0139307 0.0132795
0 0.103673 0.545884 0.0180033 0.015682
0 0.410203 0.391481 0.0139829 0.0125321
0 0.494358 0.438208 0.0165809 0.014847
0 0.257246 0.789238 0.0240018 0.0189126
0 0.0786033 0.344023 0.0151998 0.019705
0 0.518381 0.297525 0.0154017 0.017586
0 0.411056 0.0064599 0.0140549 0.0127913
0 0.418577 0.193874 0.0159483 0.0256575
0 0.457078 0.298721 0.0187456 0.0186631
0 0.403751 0.918883 0.0136225 0.0231824
0 0.51099 0.792229 0.016293 0.0134635
0 0.677338 0.268452 0.0153401 0.0176075
0 0.257035 0.104301 0.0136075 0.0223086
0 0.586599 0.845549 0.0111274 0.0181192
0 0.171501 0.670097 0.0172942 0.023434
0 0.811438 0.932528 0.0180728 0.0169312
0 0.312421 0.189859 0.0181687 0.0140156
0 0.0120138 0.279802 0.0100394 0.0229028
0 0.702316 0.258717 0.0130167 0.0121202
0 0.00388958 0.136744 0.00743387 0.0173764
0 0.856929 0.42095 0.0146414 0.0137461
0 0.411743 0.601887 0.0160244 0.0123081
0 0.459937 0.671742 0.0173429 0.013587
0 0.528757 0.468498 0.0154823 0.0167403
0 0.246704 0.0783262 0.0157294 0.0142499
0 0.816749 0.172504 0.0106367 0.0164261
0 0.491248 0.00316803 0.0146424 0.00665512
0 0.792205 0.94968 0.0127139 0.0232104
0 0.217493 0.0337588 0.0232753 0.0214524
0 0.446031 0.0655498 0.0149389 0.0108034
0 0.0885011 0.925636 0.0192026 0.0261137
0 0.0125928 0.115101 0.0131498 0.018404
0 0.870333 0.181802 0.0128387 0.015868
0 0.807341 0.518525 0.0139643 0.0136787
0 0.1877 0.0272433 0.011824 0.0131768
0 0.0995972 0.461348 0.0159161 0.0137053
0 0.201268 0.766705 0.0162585 0.0180323
0 0.0769052 0.462161 0.0167282 0.0152866
0 0.485991 0.324189 0.0204318 0.0162413
0 0.530831 0.0742637 0.0123056 0.0158047
0 0.183513 0.752134 0.0182877 0.0178305
0 0.0309776 0.494859 0.0175514 0.0159398
0 0.57806 0.996275 0.0152976 0.00713634
0 0.275163 0.43182 0.0106363 0.0147022
0 0.804693 0.542826 0.0152582 0.0178746
0 0.555688 0.211954 0.00957098 0.0146212
0 0.129037 0.560309 0.0142 0.0182116
0 0.691077 0.522567 0.0238962 0.0199033
