0 0.689888 0.521847 0.0247035 0.0219506
0 0.676744 0.307241 0.0165765 0.0203659
0 0.65278 0.122765 0.0178169 0.0200914
0 0.754361 0.618139 0.0211075 0.0232426
0 0.194073 0.542503 0.0212154 0.0314552
0 0.677751 0.170462 0.016152 0.0253554
0 0.977845 0.688804 0.0200489 0.0144868
0 0.889235 0.458126 0.0228201 0.0161131
0 0.499008 0.112887 0.0161574 0.0193977
0 0.435193 0.00921273 0.0140367 0.0132085
0 0.289668 0.445121 0.0171868 0.0246787
0 0.815201 0.935126 0.0146677 0.0178105
0 0.49468 0.64592 0.0197011 0.0243931
0 0.0877285 0.952551 0.0144036 0.027769
0 0.963633 0.431348 0.0160268 0.012936
0 0.00622487 0.692898 0.0122076 0.0190619
0 0.699847 0.986251 0.0198994 0.0246485
0 0.280202 0.329584 0.0154182 0.0142392
0 0.936279 0.243144 0.0161108 0.0141848
0 0.444995 0.454177 0.0228282 0.0185525
0 0.103882 0.545816 0.0180719 0.0153779
0 0.184844 0.757874 0.0216769 0.0281008
0 0.579296 0.7357 0.0141572 0.0245366
0 0.982974 0.237193 0.0159253 0.0125155
0 0.304194 0.119692 0.0158791 0.0146483
0 0.490128 0.824734 0.0165249 0.0147359
0 0.913937 0.0464681 0.0168347 0.0219877
0 0.958433 0.0367811 0.0145289 0.0137012
0 0.567986 0.171473 0.0133801 0.0234213
0 0.410339 0.391297 0.0144121 0.01269
0 0.230821 0.740724 0.0167054 0.0197115
0 0.410716 0.00656142 0.0142885 0.013397
0 0.57568 0.0945558 0.0133717 0.0193095
0 0.894622 0.767648 0.0140512 0.02688
0 0.971491 0.944372 0.017909 0.0212035
0 0.224231 0.0880036 0.0169749 0.0185419
0 0.456878 0.298449 0.0184807 0.0180994
0 0.0894592 0.478711 0.018229 0.0144858
0 0.259401 0.790884 0.0256857 0.0200599
0 0.00395418 0.136859 0.00763866 0.0167135
0 0.171848 0.669717 0.0179931 0.0245477
0 0.511625 0.792455 0.0162547 0.0131354
0 0.411443 0.602029 0.0170995 0.0132273
0 0.272075 0.797919 0.022695 0.020396
0 0.519228 0.297861 0.0155635 0.0172524
0 0.0785498 0.343874 0.0150615 0.019776
0 0.842105 0.230002 0.0222366 0.0250587
0 0.418782 0.193311 0.0149943 0.0248197
0 0.404208 0.919278 0.0131543 0.0224242
0 0.857188 0.421018 0.0146071 0.0134876
0 0.702244 0.258691 0.0125916 0.0115682
0 0.67656 0.268374 0.0146722 0.0159345
0 0.312711 0.19034 0.0174651 0.0144948
0 0.460006 0.671559 0.0180372 0.013458
0 0.0149337 0.276946 0.0115944 0.0139405
0 0.125564 0.572476 0.0211156 0.0385152
0 0.200198 0.765866 0.0188003 0.0209235
0 0.49721 0.441333 0.0117482 0.0162259
0 0.588403 0.845275 0.0127883 0.0178897
0 0.49168 0.00313342 0.0141113 0.00672839
0 0.0126361 0.115099 0.0128104 0.0184672
0 0.578941 0.994541 0.0140955 0.0110471
0 0.816716 0.172163 0.0109072 0.0164036
0 0.24631 0.0779065 0.0167838 0.0154631
0 0.0348697 0.466534 0.0121207 0.0110435
0 0.18574 0.027767 0.0157144 0.0233306
0 0.216902 0.0334083 0.0227613 0.0212416
0 0.254505 0.102091 0.01428 0.0178203
0 0.270405 0.4322 0.0144527 0.0155727
0 0.255639 0.787475 0.0201264 0.0150589
0 0.556691 0.211664 0.0116941 0.0168971
0 0.806707 0.518468 0.0156148 0.0143536
0 0.0994682 0.461024 0.0162408 0.0134648
0 0.372127 0.728508 0.016185 0.0148102
0 0.0882989 0.925824 0.0189039 0.0268818
0 0.869933 0.181727 0.0131665 0.016505
0 0.464541 0.0505488 0.0106643 0.0146106
0 0.530548 0.0742258 0.0122194 0.0159746
0 0.0764719 0.462211 0.0162296 0.0153083
0 0.0311512 0.494937 0.018006 0.015882
0 0.529984 0.471814 0.0142073 0.0163134
0 0.183682 0.752305 0.0173881 0.018208
0 0.228472 0.208651 0.0302811 0.0346304
0 0.450284 0.0580738 0.0118274 0.0189011
0 0.805019 0.543133 0.0154043 0.0188278
0 0.483236 0.323925 0.0134897 0.0131958
0 0.555374 0.211939 0.00894785 0.0154014
0 0.129272 0.560044 0.013376 0.01661
