0 0.690168 0.521771 0.025175 0.0224601
0 0.97766 0.689179 0.0191908 0.0158794
0 0.677157 0.30676 0.0176366 0.0217245
0 0.65306 0.122855 0.0181878 0.0209022
0 0.754267 0.618554 0.0213368 0.0230027
0 0.194042 0.542096 0.0204932 0.0321817
0 0.88925 0.455916 0.0198853 0.0159493
0 0.67742 0.170376 0.015842 0.0251361
0 0.498756 0.112806 0.0161526 0.0191763
0 0.0875338 0.95249 0.0146778 0.0271722
0 0.43518 0.00943717 0.0145131 0.0135194
0 0.699737 0.985943 0.0201619 0.0254688
0 0.963811 0.431351 0.0156256 0.0129554
0 0.304428 0.118273 0.0174838 0.0147116
0 0.812311 0.932249 0.0177237 0.0191633
0 0.579719 0.735372 0.0149407 0.0243604
0 0.190544 0.759207 0.0315947 0.0304729
0 0.444827 0.454198 0.0238033 0.0202186
0 0.2804 0.329842 0.0156008 0.0141131
0 0.00607137 0.692901 0.0117393 0.0179
0 0.56781 0.171476 0.0135593 0.0236982
0 0.289485 0.445542 0.0168212 0.0234635
0 0.494921 0.645948 0.0203861 0.024765
0 0.958261 0.0369488 0.0148702 0.0141115
0 0.230908 0.740703 0.0173007 0.0203174
0 0.982508 0.237214 0.0163544 0.0124844
0 0.935844 0.243633 0.0156549 0.0134796
0 0.576045 0.0953063 0.0152925 0.0218335
0 0.914118 0.0467972 0.0158138 0.0213791
0 0.971018 0.944415 0.0186328 0.0218456
0 0.129561 0.101593 0.01706 0.0201572
0 0.418558 0.194139 0.0162875 0.0264615
0 0.272054 0.798257 0.0224416 0.0194401
0 0.257739 0.789556 0.02462 0.0193374
0 0.490495 0.82496 0.0164562 0.0148416
0 0.411076 0.00654123 0.0134801 0.0131697
0 0.078817 0.344112 0.0150097 0.019577
0 0.410088 0.39114 0.0137544 0.0125992
0 0.223945 0.0882198 0.016325 0.0180781
0 0.894692 0.767018 0.0137123 0.0257663
0 0.126591 0.570845 0.0192741 0.0368664
0 0.0895923 0.478748 0.0187528 0.015098
0 0.0122805 0.279065 0.0106025 0.0202294
0 0.677402 0.268683 0.0155215 0.0176545
0 0.495216 0.437568 0.0155055 0.0164604
0 0.519145 0.29771 0.0149395 0.0173903
0 0.491476 0.00317794 0.0146976 0.00678045
0 0.587416 0.84565 0.0111854 0.0169463
0 0.511484 0.792287 0.0164309 0.0131155
0 0.842446 0.230377 0.0217582 0.024915
0 0.411075 0.601804 0.0169566 0.0133992
0 0.403968 0.919161 0.0132296 0.0220958
0 0.312763 0.190054 0.0175804 0.0149643
0 0.702333 0.258983 0.0140203 0.0116818
0 0.103347 0.545723 0.017024 0.0158401
0 0.246322 0.0779729 0.0161978 0.0149412
0 0.171937 0.670099 0.0176934 0.0238689
0 0.456276 0.298629 0.0176135 0.0174565
0 0.528642 0.46968 0.0151958 0.0175849
0 0.256466 0.102606 0.0139037 0.0197227
0 0.8568 0.421114 0.0143809 0.0134098
0 0.0891156 0.925334 0.0207133 0.0284746
0 0.00390971 0.137164 0.00750543 0.0166622
0 0.459919 0.671995 0.0179496 0.0133277
0 0.0342015 0.465952 0.0131525 0.0115856
0 0.446461 0.0626442 0.0187431 0.0188485
0 0.0126619 0.114989 0.0127862 0.0180873
0 0.255435 0.787231 0.020591 0.0150999
0 0.186223 0.0270542 0.0135801 0.0137233
0 0.556852 0.211757 0.0124563 0.0165247
0 0.579269 0.995901 0.0135083 0.00833637
0 0.805948 0.518772 0.0166516 0.0146811
0 0.792085 0.947862 0.0129819 0.0251021
0 0.273783 0.43286 0.0106322 0.014133
0 0.870143 0.182186 0.0128137 0.0162636
0 0.530773 0.0742464 0.0131935 0.0163875
0 0.485228 0.324761 0.0188756 0.0169733
0 0.816642 0.172832 0.0111562 0.0158245
0 0.0997297 0.461054 0.01435 0.0126786
0 0.20116 0.766324 0.0173114 0.0188097
0 0.804682 0.542874 0.0159504 0.01855
0 0.372253 0.728878 0.0164379 0.0147239
0 0.0766175 0.462106 0.0164444 0.0152794
0 0.030963 0.494783 0.0178874 0.0164302
0 0.183513 0.752171 0.0184132 0.0185843
0 0.555405 0.211865 0.00939407 0.0152935
0 0.197163 0.536022 0.0143549 0.0202028
0 0.749246 0.993209 0.0110185 0.0132819
