0 0.287714 0.44773 0.0199904 0.0277587
0 0.67714 0.306915 0.0171719 0.021149
0 0.65278 0.122877 0.0183993 0.0214167
0 0.194184 0.542302 0.0205004 0.0317942
0 0.087686 0.952267 0.0143178 0.026803
0 0.690152 0.522597 0.0245058 0.021217
0 0.754377 0.618545 0.0211555 0.0226207
0 0.413225 0.0108353 0.0154478 0.0185762
0 0.677299 0.170346 0.0160822 0.025515
0 0.0435675 0.442427 0.0135833 0.0220946
0 0.700128 0.986011 0.0221438 0.0258355
0 0.43565 0.011112 0.0157459 0.0160967
0 0.987294 0.681653 0.0217185 0.0167828
0 0.963195 0.431021 0.0167771 0.0135779
0 0.304633 0.127945 0.0175402 0.0151957
0 0.278646 0.326614 0.0151031 0.01454
0 0.88772 0.455141 0.0150761 0.0222235
0 0.0316547 0.494854 0.019851 0.0174377
0 0.913579 0.0465782 0.0156903 0.0216245
0 0.191514 0.760025 0.031948 0.0306065
0 0.54157 0.47887 0.0160437 0.0201571
0 0.444413 0.454046 0.0249247 0.0192266
0 0.568517 0.172616 0.0145168 0.0231161
0 0.894679 0.767136 0.0138749 0.0263608
0 0.498951 0.113739 0.0170997 0.019328
0 0.257402 0.789499 0.0251926 0.0196321
0 0.495385 0.64637 0.0211356 0.0249386
0 0.578313 0.736077 0.0140816 0.0252527
0 0.490678 0.824216 0.0174016 0.0149634
0 0.940304 0.250276 0.0116995 0.0164569
0 0.958327 0.0367996 0.0135441 0.0139121
0 0.272029 0.797854 0.0231048 0.0205436
0 0.970905 0.944497 0.0188665 0.0215129
0 0.982837 0.237183 0.0151511 0.013051
0 0.0528173 0.290358 0.0145707 0.0146774
0 0.230998 0.741161 0.0164007 0.0196609
0 0.410287 0.391746 0.0149146 0.0131136
0 0.519422 0.297573 0.0158327 0.0175211
0 0.702383 0.259047 0.0145562 0.0117676
0 0.0898611 0.478561 0.0200934 0.0155981
0 0.404195 0.919334 0.0136073 0.0227509
0 0.610504 0.843164 0.0175389 0.0116996
0 0.171424 0.669978 0.0175648 0.0234786
0 0.677574 0.268945 0.0153911 0.0175608
0 0.31309 0.190177 0.0179146 0.0146189
0 0.0781914 0.344779 0.0151683 0.0182173
0 0.0127254 0.114821 0.0122678 0.0180489
0 0.127156 0.0659059 0.015689 0.0183285
0 0.103231 0.546142 0.0171016 0.015054
0 0.508189 0.473376 0.0192587 0.017199
0 0.00396238 0.137049 0.00766779 0.0162289
0 0.411596 0.601786 0.0178651 0.0133247
0 0.51097 0.792672 0.0164193 0.0131091
0 0.491681 0.00304635 0.0145081 0.00680109
0 0.416853 0.193381 0.0186029 0.0290644
0 0.45998 0.672052 0.0178947 0.0136673
0 0.842853 0.230963 0.0208307 0.0254451
0 0.455933 0.297788 0.0166812 0.0174618
0 0.856926 0.421271 0.0149027 0.0136183
0 0.0998988 0.460981 0.0173109 0.0143793
0 0.181334 0.0658502 0.0123692 0.0124712
0 0.37232 0.728722 0.0160923 0.014825
0 0.807474 0.967515 0.0130166 0.0163046
0 0.816756 0.173026 0.0116909 0.016674
0 0.126137 0.57263 0.0212508 0.0383277
0 0.57009 0.0968646 0.019925 0.0183124
0 0.224771 0.0873421 0.015896 0.0180128
0 0.0767584 0.462281 0.017484 0.0154294
0 0.25583 0.788968 0.0224056 0.017585
0 0.870692 0.181818 0.0130649 0.0160843
0 0.531004 0.0735738 0.0132634 0.0162503
0 0.201111 0.766345 0.0171047 0.0192807
0 0.556661 0.217349 0.0114958 0.014975
0 0.247731 0.0787946 0.0157416 0.0158727
0 0.806544 0.518792 0.0156389 0.0150824
0 0.465832 0.0492814 0.0127097 0.0159437
0 0.183844 0.752263 0.0176753 0.0176996
0 0.81989 0.936417 0.0118286 0.0133407
0 0.80487 0.543992 0.0160174 0.0189465
0 0.576874 0.991985 0.0145277 0.0148236
0 0.749132 0.993409 0.0119527 0.0126518
