0 0.288133 0.446131 0.0188808 0.0209638
0 0.690459 0.522225 0.0254246 0.021749
0 0.75438 0.618196 0.0215454 0.0226915
0 0.677464 0.306794 0.0171428 0.0216619
0 0.65301 0.122714 0.0177712 0.0202355
0 0.193893 0.542471 0.0205608 0.0323741
0 0.67802 0.171266 0.0159967 0.0242582
0 0.495125 0.646222 0.0205644 0.0247422
0 0.888641 0.457475 0.019203 0.0206872
0 0.0875978 0.951915 0.0140238 0.0268335
0 0.96355 0.431271 0.0163325 0.0135348
0 0.700072 0.986392 0.0205377 0.0248895
0 0.817978 0.945072 0.0200543 0.0251331
0 0.464073 0.049878 0.0128169 0.0153284
0 0.498917 0.113057 0.0166665 0.01914
0 0.444776 0.453828 0.024609 0.0194612
0 0.541431 0.467678 0.0196798 0.0154566
0 0.981876 0.677288 0.0180762 0.014852
0 0.306893 0.127828 0.0182428 0.0162685
0 0.913406 0.0465303 0.0157581 0.0212832
0 0.568678 0.172808 0.0141225 0.0240947
0 0.575969 0.0937253 0.0138577 0.0252904
0 0.190653 0.759564 0.0309937 0.0304496
0 0.0318893 0.494656 0.018235 0.0150294
0 0.57868 0.735919 0.0145234 0.0254213
0 0.490504 0.824289 0.0171431 0.0142719
0 0.0405377 0.278317 0.0147475 0.013101
0 0.894689 0.766522 0.0140491 0.0248237
0 0.230974 0.740556 0.0166602 0.0198499
0 0.983096 0.237361 0.0151901 0.0120453
0 0.279047 0.32752 0.0148659 0.0127624
0 0.51867 0.296943 0.0151017 0.01776
0 0.272245 0.798205 0.0223504 0.0195442
0 0.95844 0.0365705 0.0148878 0.0147644
0 0.97114 0.94481 0.0180827 0.0210611
0 0.41082 0.00657897 0.0127633 0.0125478
0 0.257281 0.789335 0.0245308 0.0189174
0 0.41019 0.391402 0.0151218 0.0132075
0 0.939172 0.244848 0.0120764 0.01243
0 0.0787931 0.344518 0.0151659 0.0190623
0 0.128317 0.562755 0.0149126 0.0230287
0 0.702882 0.258932 0.0141137 0.0117826
0 0.842983 0.230333 0.020754 0.0236113
0 0.434406 0.00919189 0.0140451 0.0124025
0 0.456655 0.298283 0.01761 0.0176675
0 0.677235 0.268454 0.0146406 0.0168655
0 0.411691 0.601936 0.0169906 0.0126343
0 0.429981 0.0276825 0.0112858 0.0126302
0 0.404047 0.919293 0.0135151 0.0221448
0 0.856844 0.421128 0.0151847 0.013768
0 0.089132 0.4789 0.0189013 0.0147889
0 0.126448 0.0792038 0.0171212 0.0123719
0 0.00390984 0.137268 0.00745852 0.0162541
0 0.460218 0.671743 0.018736 0.0138853
0 0.511044 0.792321 0.0161929 0.0131992
0 0.103311 0.546115 0.0168065 0.0144151
0 0.491426 0.00312345 0.0149188 0.00657366
0 0.498771 0.468063 0.0145376 0.0174024
0 0.2249 0.0878186 0.0160767 0.0178621
0 0.479755 0.318137 0.0123484 0.0138287
0 0.0128155 0.11505 0.0122072 0.017999
0 0.171582 0.670367 0.0166894 0.0234346
0 0.37192 0.728348 0.0173361 0.0152271
0 0.312526 0.189837 0.0171041 0.0146102
0 0.606823 0.845995 0.012414 0.0109009
0 0.036732 0.45084 0.00892776 0.0174329
0 0.254872 0.787376 0.0203284 0.0144968
0 0.816967 0.172383 0.010393 0.015124
0 0.530248 0.073852 0.012184 0.0158576
0 0.870278 0.181697 0.0126323 0.014688
0 0.552441 0.219699 0.0090445 0.013833
0 0.806078 0.518722 0.0165125 0.015208
0 0.100076 0.460728 0.0143543 0.0128267
0 0.201197 0.766577 0.016896 0.018808
0 0.07678 0.462245 0.0162785 0.0148126
0 0.183774 0.752033 0.0179426 0.0177444
0 0.175956 0.0597895 0.0116753 0.011944
0 0.804888 0.542996 0.0167672 0.019786
0 0.577815 0.992468 0.0138083 0.0145979
0 0.249664 0.103905 0.0119513 0.0131151
0 0.749255 0.99322 0.0114565 0.0132505
0 0.197083 0.536431 0.0142943 0.019636
