0 0.28858 0.445066 0.0174199 0.0239671
0 0.690296 0.522052 0.025109 0.0216678
0 0.193817 0.54177 0.0206205 0.032231
0 0.652988 0.122736 0.017887 0.020928
0 0.677237 0.306091 0.0174886 0.0210083
0 0.754289 0.618275 0.0207051 0.0224056
0 0.677907 0.170736 0.0167905 0.0260175
0 0.0875499 0.951801 0.0139959 0.0269347
0 0.499126 0.11327 0.0169423 0.0192444
0 0.963695 0.430959 0.0160729 0.0130852
0 0.888714 0.458848 0.0220761 0.0182454
0 0.576062 0.0945313 0.0149561 0.0246123
0 0.980478 0.677587 0.0165145 0.0176455
0 0.699815 0.985767 0.0214833 0.0259358
0 0.495114 0.645849 0.0198483 0.0242605
0 0.815051 0.941642 0.0149075 0.0214099
0 0.444803 0.453871 0.0241253 0.0198027
0 0.307162 0.128002 0.0190103 0.0164283
0 0.188109 0.758696 0.0271462 0.0290824
0 0.0351696 0.282603 0.0116306 0.0185688
0 0.982875 0.237319 0.0160326 0.0125865
0 0.578709 0.736587 0.0141527 0.0265682
0 0.279322 0.327577 0.015558 0.0130845
0 0.913626 0.0465176 0.0159615 0.0219837
0 0.464649 0.0504693 0.0134181 0.0171696
0 0.971422 0.944703 0.0165366 0.0199738
0 0.231047 0.740841 0.0162454 0.0198346
0 0.958339 0.0370765 0.0136199 0.0137004
0 0.0784452 0.344259 0.0159351 0.0192852
0 0.127738 0.567456 0.0172186 0.0320923
0 0.489912 0.824395 0.0164622 0.0146348
0 0.541588 0.466091 0.0157053 0.0143311
0 0.272307 0.798236 0.0225372 0.0197932
0 0.894448 0.76605 0.0132324 0.0237002
0 0.410264 0.391766 0.015014 0.0130389
0 0.258975 0.789859 0.0246217 0.0193664
0 0.506419 0.465468 0.0125812 0.0195733
0 0.418087 0.192016 0.0161641 0.027563
0 0.939207 0.245054 0.0118512 0.0115694
0 0.841891 0.230017 0.0224045 0.0251834
0 0.0408636 0.455914 0.0142815 0.0194558
0 0.103155 0.545936 0.017693 0.0153587
0 0.568419 0.17346 0.0140006 0.0239251
0 0.519028 0.297398 0.0150847 0.0177678
0 0.511439 0.792251 0.0170839 0.0135778
0 0.434336 0.00878803 0.0138095 0.0121591
0 0.172178 0.670168 0.0183842 0.0239652
0 0.00395371 0.137293 0.00779615 0.0161402
0 0.410694 0.00588849 0.0124812 0.0116257
0 0.430943 0.0286667 0.0141568 0.0131188
0 0.411698 0.601923 0.0172173 0.0128727
0 0.0318739 0.494193 0.0195021 0.0174497
0 0.0898391 0.47857 0.0198003 0.0158042
0 0.702356 0.258492 0.0132546 0.0115792
0 0.431646 0.0294978 0.0159137 0.0137847
0 0.012648 0.114788 0.0128195 0.0184292
0 0.312386 0.1898 0.016858 0.014563
0 0.45627 0.298215 0.0165277 0.0172793
0 0.404281 0.919372 0.0134613 0.0216298
0 0.67689 0.268986 0.0152195 0.0164371
0 0.121398 0.0708985 0.0154574 0.0199167
0 0.460025 0.67182 0.0178154 0.013154
0 0.479924 0.318981 0.0114849 0.0126188
0 0.857137 0.420687 0.015008 0.0135832
0 0.816773 0.172388 0.010767 0.0162291
0 0.491928 0.00307484 0.0146555 0.00653033
0 0.180292 0.0586805 0.010548 0.0181573
0 0.372552 0.728101 0.0161654 0.0152154
0 0.088514 0.925259 0.0188162 0.0272428
0 0.792277 0.945169 0.014802 0.0302322
0 0.256333 0.787131 0.0204194 0.0149977
0 0.224869 0.0875083 0.015176 0.0177634
0 0.530448 0.0738551 0.0129758 0.0166756
0 0.870251 0.181314 0.0125127 0.0155918
0 0.0995521 0.460894 0.016712 0.0139517
0 0.80686 0.518412 0.01554 0.0148022
0 0.247231 0.0781395 0.015277 0.0144687
0 0.549343 0.220211 0.00846624 0.0151952
0 0.0764631 0.46194 0.0172949 0.0151632
0 0.201329 0.766482 0.0168791 0.0184537
0 0.606759 0.847337 0.0117746 0.0100486
0 0.183768 0.752143 0.017827 0.0182154
0 0.804807 0.543074 0.0151473 0.0180321
0 0.576331 0.994748 0.0129196 0.0104735
0 0.748938 0.993367 0.0115745 0.0127506
0 0.69094 0.522429 0.0238709 0.01965
