0 0.288831 0.445432 0.0160986 0.0208731
0 0.676891 0.306682 0.016764 0.0197955
0 0.653108 0.122911 0.017638 0.0209359
0 0.754203 0.617925 0.020919 0.0225374
0 0.193777 0.542622 0.0204617 0.0313569
0 0.690142 0.522654 0.0243084 0.0210431
0 0.677406 0.169949 0.0158468 0.0250619
0 0.0875448 0.952187 0.0139747 0.027469
0 0.498828 0.113188 0.0158969 0.01819
0 0.963958 0.431281 0.0158233 0.0128409
0 0.495029 0.646131 0.020259 0.0248964
0 0.700109 0.986109 0.0203111 0.0252236
0 0.888139 0.458418 0.0204249 0.0193398
0 0.981266 0.676796 0.0167595 0.0163009
0 0.44452 0.453919 0.0240172 0.0188437
0 0.913389 0.0465247 0.0158732 0.0218311
0 0.575724 0.0939254 0.0133965 0.023276
0 0.541463 0.46671 0.0175741 0.0147939
0 0.815585 0.942591 0.0156903 0.0225177
0 0.190313 0.759514 0.0303869 0.0310365
0 0.57882 0.735801 0.0139309 0.0248829
0 0.30677 0.128037 0.0175142 0.015902
0 0.272301 0.798221 0.0224931 0.0202422
0 0.894371 0.766359 0.0140016 0.0246578
0 0.982714 0.237312 0.0161516 0.0126474
0 0.279121 0.327518 0.0150109 0.0125621
0 0.0353694 0.281366 0.0143192 0.0169552
0 0.957948 0.0368668 0.0134551 0.0141049
0 0.490192 0.824382 0.0165065 0.0146669
0 0.464721 0.0493979 0.0115087 0.0140005
0 0.410018 0.391786 0.014396 0.0129756
0 0.127411 0.568415 0.0179093 0.0333062
0 0.0405404 0.45542 0.00976508 0.0232588
0 0.230961 0.740723 0.0164422 0.0196246
0 0.00393556 0.137164 0.00767171 0.016754
0 0.0785101 0.344268 0.0146057 0.0194262
0 0.971624 0.944725 0.0177004 0.0213926
0 0.939321 0.245127 0.012437 0.0124613
0 0.257756 0.789179 0.023843 0.0189348
0 0.518705 0.296697 0.0143903 0.0167816
0 0.568297 0.173433 0.013836 0.0235063
0 0.172231 0.670057 0.0180068 0.0237184
0 0.434085 0.00924466 0.0138457 0.0123672
0 0.511599 0.792369 0.0167394 0.013294
0 0.843399 0.231072 0.0205562 0.023981
0 0.857062 0.420863 0.0148155 0.0133159
0 0.0896446 0.478409 0.0193859 0.0158072
0 0.702764 0.258721 0.0132422 0.0114908
0 0.0128857 0.115128 0.0124562 0.0178695
0 0.403862 0.919149 0.0131991 0.0220089
0 0.410705 0.00619005 0.0123305 0.0117759
0 0.480068 0.319012 0.0122828 0.0124045
0 0.0317184 0.494302 0.0189706 0.0174764
0 0.429119 0.0277579 0.0134805 0.0143148
0 0.411603 0.601994 0.01686 0.0125556
0 0.455511 0.298353 0.0157926 0.0170681
0 0.460088 0.671857 0.0174088 0.0136119
0 0.676843 0.26892 0.0144844 0.0164611
0 0.3128 0.190135 0.0172741 0.0148208
0 0.816726 0.172379 0.0109364 0.0162734
0 0.491769 0.00314682 0.0136178 0.00655179
0 0.103548 0.545897 0.0171926 0.0152477
0 0.22484 0.0878053 0.0165107 0.0183008
0 0.180496 0.0606894 0.0106263 0.0182208
0 0.123863 0.0722422 0.0162716 0.0161703
0 0.792622 0.94497 0.0151047 0.0298089
0 0.255276 0.787263 0.0198234 0.014475
0 0.41875 0.19105 0.0152958 0.0235303
0 0.606998 0.846665 0.0107361 0.0101442
0 0.870821 0.181275 0.0131406 0.0162907
0 0.0888524 0.926673 0.0186506 0.0264586
0 0.0993631 0.461055 0.0163525 0.0144613
0 0.0765931 0.462293 0.0169227 0.0153587
0 0.201293 0.766947 0.0166714 0.0192846
0 0.53054 0.0738711 0.0121592 0.0155526
0 0.806874 0.518551 0.0150949 0.0146538
0 0.371952 0.728157 0.01684 0.015111
0 0.805041 0.543407 0.014594 0.0180309
0 0.183728 0.75211 0.0177356 0.0182948
0 0.550324 0.219638 0.0090436 0.0147052
0 0.24973 0.1033 0.0119486 0.0129086
0 0.576007 0.994195 0.0127368 0.0113901
0 0.247494 0.0779577 0.0159736 0.0169279
0 0.748942 0.993854 0.0111067 0.0124348
