0 0.690175 0.522137 0.025246 0.0224025
0 0.28778 0.446389 0.0192487 0.0212622
0 0.652845 0.12298 0.0186697 0.021746
0 0.754521 0.618194 0.0210399 0.0226969
0 0.677182 0.306939 0.0176393 0.0223924
0 0.677617 0.17062 0.0164515 0.0264152
0 0.193934 0.542633 0.0201369 0.0316908
0 0.0873363 0.952103 0.0139631 0.0272164
0 0.465264 0.0513329 0.0127002 0.0184758
0 0.963725 0.431135 0.0155935 0.0133799
0 0.88857 0.457296 0.0192002 0.0212502
0 0.575812 0.093683 0.0155506 0.0262684
0 0.982238 0.678247 0.0192865 0.01589
0 0.699894 0.98603 0.0200283 0.0254921
0 0.444204 0.454184 0.0249713 0.0205387
0 0.307051 0.128125 0.0183393 0.0165364
0 0.498885 0.113161 0.016362 0.0188026
0 0.542011 0.467904 0.0190184 0.0156751
0 0.913484 0.0466097 0.0148199 0.0203756
0 0.494879 0.646224 0.0199605 0.0243191
0 0.568457 0.172834 0.0149523 0.02457
0 0.185753 0.758169 0.0235461 0.0286498
0 0.231032 0.74063 0.0168845 0.019812
0 0.982377 0.237486 0.0165291 0.0132932
0 0.578898 0.735389 0.0142342 0.0247289
0 0.818932 0.946337 0.0198246 0.027585
0 0.971052 0.94358 0.018445 0.022169
0 0.518676 0.297267 0.01647 0.0184563
0 0.0316353 0.494684 0.0183201 0.0163696
0 0.958414 0.0368616 0.0140557 0.0139823
0 0.939635 0.24469 0.0120803 0.0120925
0 0.272232 0.798512 0.0227587 0.0197442
0 0.894512 0.766791 0.0141639 0.025808
0 0.490528 0.824398 0.0168607 0.0146198
0 0.434349 0.0100203 0.0143042 0.0138411
0 0.127246 0.567923 0.0177276 0.0337238
0 0.410244 0.391532 0.0145907 0.0128852
0 0.279111 0.327258 0.0144078 0.0123599
0 0.257195 0.7893 0.0242773 0.0190676
0 0.511827 0.792186 0.0166118 0.0135628
0 0.702269 0.258627 0.0149379 0.0114564
0 0.428677 0.0250243 0.0138486 0.0177413
0 0.00403344 0.137172 0.00767744 0.016764
0 0.171516 0.670072 0.0178705 0.0243887
0 0.856929 0.420984 0.0152483 0.0136938
0 0.677301 0.268868 0.0156027 0.0171028
0 0.45576 0.298375 0.0164296 0.0176429
0 0.460191 0.671758 0.0182409 0.0133134
0 0.404175 0.919467 0.0132726 0.0216808
0 0.411102 0.006047 0.0120887 0.0112911
0 0.0894239 0.478365 0.0195252 0.0153427
0 0.411254 0.601934 0.0181398 0.012556
0 0.0360879 0.45022 0.0097898 0.0171859
0 0.842693 0.230541 0.021816 0.0249454
0 0.103391 0.545876 0.0174894 0.0157164
0 0.312729 0.189968 0.0173024 0.0146936
0 0.792646 0.946007 0.0147425 0.0292648
0 0.0782366 0.344585 0.0140856 0.0186542
0 0.816787 0.173648 0.0116065 0.0180578
0 0.497932 0.467111 0.0154152 0.0171903
0 0.0130281 0.114784 0.0124762 0.0180682
0 0.491536 0.00309642 0.0151083 0.00660199
0 0.042688 0.278806 0.0147973 0.0113949
0 0.428013 0.0244497 0.0128532 0.0166029
0 0.224975 0.0876457 0.0159421 0.0173737
0 0.0891442 0.92696 0.0188155 0.0272341
0 0.12779 0.0810869 0.01609 0.0108708
0 0.372259 0.727914 0.0169343 0.0158744
0 0.8063 0.518912 0.0161604 0.0145675
0 0.870468 0.18187 0.0136607 0.0156727
0 0.201389 0.766842 0.0165396 0.0184556
0 0.553391 0.219199 0.00917563 0.0134787
0 0.0999273 0.461107 0.0145675 0.0132754
0 0.5306 0.0737737 0.0125613 0.0162298
0 0.0767987 0.462372 0.016862 0.0155099
0 0.607092 0.846297 0.0138871 0.0118564
0 0.173197 0.0574523 0.0108019 0.0110267
0 0.804695 0.543583 0.0158042 0.0192161
0 0.183821 0.752266 0.0177046 0.0181383
0 0.247494 0.0781825 0.0160839 0.0169811
0 0.748973 0.993681 0.0115647 0.0120454
