0 0.288315 0.445307 0.0174754 0.0236824
0 0.754512 0.618028 0.0208332 0.0226644
0 0.677478 0.306284 0.0174062 0.021566
0 0.677392 0.170795 0.0160241 0.0254912
0 0.65305 0.122729 0.017869 0.0209254
0 0.690076 0.522514 0.0239864 0.0207337
0 0.0877545 0.951698 0.0141828 0.0272255
0 0.499202 0.112616 0.0168046 0.0202607
0 0.963584 0.431065 0.0160595 0.0130842
0 0.980417 0.677428 0.0161078 0.0172557
0 0.888554 0.458827 0.0211487 0.0168799
0 0.444949 0.45389 0.0238785 0.0192831
0 0.699718 0.986121 0.0206497 0.025232
0 0.194029 0.542239 0.0206931 0.0306542
0 0.307352 0.127752 0.019452 0.0174285
0 0.814789 0.941817 0.0150375 0.0213085
0 0.495268 0.646107 0.0201694 0.0241749
0 0.958337 0.0367132 0.0147636 0.0140773
0 0.913336 0.0461099 0.0158792 0.0216615
0 0.185797 0.758084 0.0237072 0.0286455
0 0.894633 0.766756 0.0132318 0.0249182
0 0.436089 0.0315919 0.0137707 0.0188432
0 0.983104 0.237169 0.0154257 0.0130174
0 0.578643 0.735404 0.0137504 0.0242491
0 0.46463 0.0501612 0.013961 0.0180611
0 0.971135 0.944569 0.0170257 0.0195607
0 0.0407385 0.455213 0.0136911 0.0150642
0 0.541485 0.466281 0.0158923 0.0142451
0 0.0355375 0.28506 0.0116415 0.0180562
0 0.231105 0.740714 0.015846 0.0191917
0 0.576019 0.0953748 0.0145954 0.0238777
0 0.410952 0.00649025 0.0131588 0.0131789
0 0.518733 0.297158 0.0150193 0.0177164
0 0.0788381 0.344266 0.016108 0.0204033
0 0.278852 0.327592 0.0141021 0.0122107
0 0.568269 0.173373 0.0139294 0.0240684
0 0.702271 0.258808 0.0144272 0.0121057
0 0.490096 0.824336 0.0165657 0.0147887
0 0.103283 0.545776 0.0172272 0.0155528
0 0.410395 0.391613 0.0140901 0.0124834
0 0.128374 0.564752 0.0152953 0.0254123
0 0.93942 0.244828 0.0122101 0.011966
0 0.842859 0.23084 0.0199811 0.0231448
0 0.505378 0.464222 0.0133441 0.0166726
0 0.120255 0.0691062 0.0136466 0.02243
0 0.411798 0.601925 0.0168743 0.0127617
0 0.312617 0.190258 0.0169116 0.014529
0 0.0891196 0.478538 0.0184272 0.015289
0 0.677365 0.268696 0.0154598 0.0171598
0 0.511038 0.792426 0.0161878 0.0127654
0 0.172149 0.670367 0.0172495 0.0230427
0 0.434372 0.00868224 0.0135659 0.0118771
0 0.456273 0.298398 0.0170248 0.0175042
0 0.491229 0.00330122 0.0155068 0.00678559
0 0.00410178 0.13728 0.00776693 0.0168687
0 0.480028 0.31936 0.0117152 0.0130773
0 0.404144 0.919535 0.0132378 0.0228207
0 0.272217 0.798437 0.0226928 0.0196826
0 0.857107 0.421019 0.0149487 0.0136822
0 0.418425 0.19179 0.0162456 0.0259507
0 0.0314684 0.49459 0.0190549 0.0171726
0 0.816738 0.17235 0.0106874 0.0163797
0 0.012834 0.114817 0.0123718 0.0178661
0 0.460395 0.671677 0.017232 0.0137191
0 0.256034 0.787753 0.020448 0.0164251
0 0.792107 0.945158 0.0147853 0.030048
0 0.0997029 0.461177 0.0157372 0.0138568
0 0.224865 0.0878928 0.0160499 0.0180616
0 0.088597 0.925791 0.0176971 0.0249639
0 0.247028 0.0784972 0.0159705 0.0152721
0 0.806148 0.518587 0.0168382 0.0149038
0 0.549382 0.219854 0.0088985 0.0141673
0 0.180732 0.0550839 0.0109121 0.0195699
0 0.870562 0.181504 0.0128585 0.015799
0 0.530341 0.0740797 0.0129429 0.0162364
0 0.608486 0.848793 0.0127883 0.0109673
0 0.201264 0.76651 0.0163879 0.0184853
0 0.0765123 0.462256 0.0163457 0.0150986
0 0.125531 0.571786 0.0205289 0.0366312
0 0.37172 0.728209 0.0167276 0.0149564
0 0.804888 0.542919 0.0150709 0.0184031
0 0.183703 0.752256 0.0176763 0.0184045
0 0.196915 0.537586 0.0152284 0.0196145
0 0.624109 0.609432 0.012357 0.018851
0 0.749112 0.993331 0.0124952 0.0129582
0 0.576687 0.994733 0.0139868 0.00999737
