0 0.690243 0.5221 0.0247458 0.021511
0 0.75469 0.61766 0.021987 0.0234289
0 0.977376 0.689306 0.0198286 0.0155424
0 0.193987 0.542321 0.0205483 0.0313332
0 0.677347 0.306891 0.016988 0.0213647
0 0.652923 0.122715 0.0175142 0.0202726
0 0.498929 0.112916 0.0167378 0.0196465
0 0.8889 0.456857 0.0217246 0.0160584
0 0.0874764 0.9521 0.0139377 0.026323
0 0.677483 0.170474 0.0162961 0.0255164
0 0.814138 0.93369 0.0158061 0.0188744
0 0.699839 0.985828 0.0213725 0.0259833
0 0.4351 0.00925431 0.0137083 0.0124995
0 0.963277 0.43133 0.0169177 0.0131056
0 0.444895 0.45391 0.023714 0.0195556
0 0.579503 0.735807 0.0145421 0.0254657
0 0.00571189 0.693298 0.0113352 0.0159161
0 0.28977 0.445489 0.0164823 0.023492
0 0.279947 0.329764 0.0154754 0.0139094
0 0.190843 0.759304 0.0313069 0.0302072
0 0.494909 0.645734 0.0196878 0.0242205
0 0.304368 0.118353 0.0164455 0.0137247
0 0.894849 0.767871 0.0145519 0.0276269
0 0.982627 0.237345 0.0158601 0.0129545
0 0.223997 0.0881741 0.0167763 0.018303
0 0.410511 0.391316 0.0138171 0.0123483
0 0.567959 0.171404 0.0139182 0.0243818
0 0.490581 0.824863 0.0167526 0.0153682
0 0.971283 0.944497 0.0178859 0.0203588
0 0.936219 0.24313 0.0160456 0.0137464
0 0.958381 0.0368652 0.0131755 0.0133866
0 0.231016 0.740971 0.0164153 0.0197941
0 0.913981 0.046763 0.0159787 0.0216158
0 0.0895899 0.478364 0.018874 0.0147634
0 0.272069 0.798497 0.0220793 0.0196568
0 0.103128 0.545652 0.017037 0.0156357
0 0.410909 0.0063478 0.0138573 0.0129596
0 0.576131 0.0949644 0.0140875 0.0197177
0 0.17201 0.670099 0.0175699 0.0235367
0 0.128842 0.561907 0.0143871 0.0209223
0 0.00385914 0.136804 0.00745997 0.0167485
0 0.0133619 0.277709 0.0107215 0.0152476
0 0.258007 0.789827 0.0236667 0.0186934
0 0.511597 0.792538 0.0174801 0.0141202
0 0.677121 0.268634 0.0154173 0.0173371
0 0.518976 0.297744 0.015187 0.0171682
0 0.495771 0.438744 0.0153039 0.0187923
0 0.456629 0.298648 0.0182856 0.018282
0 0.418484 0.193646 0.0160017 0.0251007
0 0.130307 0.10032 0.0146891 0.0177947
0 0.0785507 0.34408 0.0149478 0.019828
0 0.587555 0.844902 0.0116436 0.0176954
0 0.411655 0.601607 0.0165317 0.0128884
0 0.842146 0.230531 0.0209928 0.0241578
0 0.856917 0.420743 0.0152724 0.0138951
0 0.404021 0.919121 0.0134403 0.0228775
0 0.312455 0.189764 0.0173002 0.0149025
0 0.702258 0.258779 0.0136046 0.0120996
0 0.578298 0.994412 0.0159171 0.0112928
0 0.246171 0.0774892 0.0163438 0.0156167
0 0.460397 0.671983 0.018128 0.0134648
0 0.184902 0.0275849 0.0127228 0.01523
0 0.0342948 0.466341 0.0134334 0.0110892
0 0.0126857 0.114722 0.0122834 0.0173876
0 0.491668 0.00306892 0.0148519 0.0065553
0 0.80625 0.518562 0.0153808 0.0138228
0 0.255381 0.787063 0.0195066 0.0141693
0 0.271753 0.432596 0.01248 0.0148984
0 0.446462 0.0608965 0.01243 0.0245871
0 0.792401 0.945912 0.0139185 0.0311037
0 0.529029 0.470776 0.014211 0.0174994
0 0.100022 0.460766 0.0144455 0.0125416
0 0.530966 0.0737233 0.0128079 0.0163869
0 0.816724 0.172904 0.0117323 0.0170062
0 0.486327 0.324866 0.0202032 0.0175738
0 0.870162 0.181425 0.0130185 0.0155004
0 0.0310179 0.494933 0.0177803 0.0157229
0 0.201364 0.76632 0.0170325 0.0188532
0 0.804813 0.542734 0.0155349 0.0179298
0 0.371986 0.728377 0.0170224 0.0149912
0 0.0764708 0.46226 0.016288 0.0151439
0 0.183819 0.752044 0.0180484 0.0179163
0 0.555393 0.211565 0.00912914 0.0142515
0 0.748969 0.993435 0.0121689 0.0128968
