0 0.690254 0.522271 0.0242629 0.0212854
0 0.460783 0.0544896 0.0193896 0.0270335
0 0.677418 0.306959 0.0171497 0.0212967
0 0.194164 0.542887 0.0206342 0.0318332
0 0.652972 0.122916 0.0178657 0.0211558
0 0.889512 0.457998 0.0224948 0.0163151
0 0.43539 0.00929829 0.014589 0.0129814
0 0.677611 0.169921 0.016761 0.0252969
0 0.754544 0.618047 0.0209105 0.0229579
0 0.0875235 0.95194 0.0143441 0.0263213
0 0.699611 0.986262 0.0189817 0.0242686
0 0.977961 0.686147 0.014524 0.0160202
0 0.289537 0.445711 0.0163918 0.0227734
0 0.813208 0.938981 0.0145164 0.015836
0 0.963586 0.43112 0.0162301 0.0132838
0 0.00545333 0.692259 0.0109257 0.0163596
0 0.93745 0.242121 0.016312 0.0167121
0 0.4445 0.454036 0.0239038 0.0197634
0 0.498652 0.113178 0.0164457 0.0182938
0 0.494888 0.646054 0.0198704 0.0240097
0 0.982384 0.237213 0.017411 0.0131956
0 0.279833 0.329386 0.0153831 0.0138499
0 0.579466 0.735833 0.0145069 0.0255117
0 0.970939 0.944745 0.0173901 0.019816
0 0.187777 0.758216 0.0255122 0.0290787
0 0.231008 0.740522 0.0162846 0.0196805
0 0.411142 0.00622306 0.0132195 0.0125511
0 0.0369534 0.460847 0.0118588 0.010598
0 0.56798 0.172149 0.0136761 0.0238854
0 0.490618 0.82486 0.0166358 0.0150102
0 0.841621 0.230221 0.02307 0.0253662
0 0.958438 0.0368282 0.0146035 0.0144815
0 0.224403 0.0880088 0.0173344 0.0186818
0 0.0881906 0.478675 0.0178578 0.0171012
0 0.913652 0.0465444 0.0154542 0.0209691
0 0.272263 0.79831 0.022083 0.0198004
0 0.41852 0.194039 0.0155436 0.0271548
0 0.12804 0.566172 0.0163447 0.0282217
0 0.457387 0.298541 0.0191078 0.0188187
0 0.103188 0.545779 0.0170076 0.0154908
0 0.305293 0.121761 0.0165708 0.0151919
0 0.258524 0.790147 0.024487 0.0193505
0 0.894719 0.766551 0.0140191 0.0244327
0 0.518452 0.297484 0.0151826 0.0173526
0 0.00393102 0.137245 0.00771822 0.0167775
0 0.171328 0.669838 0.017469 0.0242628
0 0.676808 0.268519 0.0153389 0.0169879
0 0.312497 0.190027 0.0169138 0.0145014
0 0.40407 0.918994 0.0132104 0.0228498
0 0.254982 0.101224 0.0129627 0.025561
0 0.183275 0.0356749 0.0137647 0.0148587
0 0.411999 0.601877 0.0164272 0.0129713
0 0.511242 0.792177 0.0159998 0.0125332
0 0.491748 0.00317264 0.0145037 0.00665118
0 0.410317 0.391569 0.0131999 0.0120236
0 0.0126773 0.114943 0.0126256 0.01752
0 0.246751 0.0778154 0.0158116 0.0149575
0 0.0783716 0.344287 0.0154426 0.0194108
0 0.576977 0.994777 0.0147154 0.0106997
0 0.0316604 0.494916 0.0188186 0.0160921
0 0.702405 0.258778 0.0129102 0.0115337
0 0.487028 0.325546 0.0207688 0.0184292
0 0.856884 0.421218 0.0150648 0.0137541
0 0.216291 0.034139 0.0213348 0.0209798
0 0.486054 0.447414 0.0119136 0.0182292
0 0.460043 0.671733 0.0180976 0.0133325
0 0.816586 0.172565 0.0105633 0.0156763
0 0.256078 0.787112 0.0201841 0.0149163
0 0.0212291 0.286235 0.0138038 0.016196
0 0.129186 0.103079 0.0165754 0.0150288
0 0.0999148 0.460895 0.0145113 0.0126932
0 0.87006 0.181729 0.0134951 0.0165449
0 0.201453 0.766607 0.0166707 0.0184486
0 0.806729 0.518751 0.0152643 0.0146298
0 0.574693 0.0962903 0.0129622 0.0190706
0 0.530281 0.0740976 0.012571 0.0155973
0 0.594547 0.847422 0.0102856 0.0138507
0 0.0765507 0.462329 0.0158406 0.0152536
0 0.270097 0.43778 0.0121638 0.0159318
0 0.183923 0.752061 0.0175224 0.0184702
0 0.536882 0.470322 0.0147436 0.010618
0 0.555307 0.211077 0.00951448 0.0147512
0 0.197255 0.536571 0.0144273 0.0193306
