0 0.288037 0.444855 0.0174705 0.0225469
0 0.690162 0.522389 0.0245184 0.0211544
0 0.676985 0.306637 0.0169854 0.0210423
0 0.653263 0.122865 0.0179556 0.0208079
0 0.193907 0.541815 0.0201803 0.0312572
0 0.087497 0.951764 0.014313 0.0264405
0 0.754415 0.618501 0.0208491 0.0225784
0 0.979936 0.677682 0.0154929 0.0189029
0 0.67765 0.170912 0.0156887 0.0241384
0 0.699579 0.986016 0.0209335 0.0253994
0 0.498944 0.11314 0.0173617 0.01966
0 0.963359 0.431316 0.0161548 0.0128537
0 0.889157 0.459328 0.0231561 0.0176658
0 0.445024 0.453892 0.024096 0.0197892
0 0.495121 0.645888 0.0203244 0.0249002
0 0.306664 0.127294 0.0178047 0.0168246
0 0.913263 0.0462714 0.0153201 0.0211248
0 0.578756 0.735242 0.0134902 0.0239333
0 0.8141 0.942166 0.0148696 0.0219556
0 0.190628 0.759478 0.0305726 0.0299218
0 0.0353004 0.288033 0.0122294 0.0176009
0 0.894588 0.766504 0.0140557 0.0252075
0 0.279095 0.328003 0.0151269 0.0131105
0 0.982965 0.237427 0.0155111 0.0124978
0 0.128542 0.56421 0.0151568 0.0255402
0 0.436711 0.0329746 0.0119853 0.0189635
0 0.0406713 0.457096 0.0150617 0.0142838
0 0.464956 0.0504421 0.0125622 0.0176792
0 0.409861 0.39155 0.0147511 0.0128977
0 0.118438 0.0696463 0.0112055 0.0206221
0 0.103319 0.5457 0.0172607 0.0154588
0 0.971654 0.944695 0.0158323 0.018725
0 0.958256 0.0369987 0.0143437 0.0142897
0 0.411047 0.00634875 0.0131577 0.0128834
0 0.568287 0.173266 0.0141496 0.023444
0 0.231068 0.741087 0.0160927 0.0188427
0 0.939609 0.245244 0.011381 0.0115521
0 0.541841 0.467221 0.0158378 0.013822
0 0.272073 0.798393 0.0223609 0.0197204
0 0.257928 0.789555 0.0240709 0.0188231
0 0.575881 0.0960037 0.0146329 0.0227026
0 0.489909 0.824444 0.0153625 0.0141121
0 0.504958 0.46134 0.0143852 0.0154653
0 0.511001 0.792457 0.0158993 0.0129868
0 0.00405074 0.137111 0.00783195 0.0162348
0 0.0130344 0.114744 0.0117314 0.0177379
0 0.518788 0.29714 0.0140193 0.0160875
0 0.0784392 0.344332 0.0144219 0.0189028
0 0.434806 0.00838026 0.0133975 0.0115832
0 0.47983 0.319847 0.0114861 0.0128559
0 0.67707 0.268883 0.0147384 0.0165872
0 0.411538 0.601914 0.0175738 0.0130315
0 0.842747 0.230718 0.0208669 0.0239869
0 0.312356 0.190032 0.0169667 0.0139949
0 0.816652 0.172313 0.0110062 0.0163748
0 0.0892325 0.478488 0.0181111 0.0146803
0 0.224649 0.0880285 0.0160143 0.0175702
0 0.702442 0.25888 0.0124251 0.0113848
0 0.460167 0.671498 0.0177815 0.0131758
0 0.857087 0.420983 0.0146391 0.0134833
0 0.171639 0.670112 0.0181093 0.0237778
0 0.455426 0.298318 0.0152432 0.0160693
0 0.792605 0.944968 0.014438 0.0292882
0 0.491762 0.00310253 0.0139565 0.00656984
0 0.805911 0.518585 0.0168732 0.0148137
0 0.18102 0.0545115 0.0108873 0.0190233
0 0.255612 0.787076 0.0202667 0.0146141
0 0.0999236 0.460982 0.0162231 0.0137426
0 0.404124 0.919562 0.0134908 0.0215502
0 0.0886696 0.926204 0.018059 0.0246249
0 0.87052 0.181865 0.012542 0.0162212
0 0.372637 0.728222 0.0154427 0.0142944
0 0.609085 0.8501 0.0138927 0.0124974
0 0.0314556 0.49455 0.0183795 0.016742
0 0.247338 0.0783459 0.0154421 0.0154514
0 0.530524 0.0738249 0.0127435 0.0159773
0 0.549515 0.220199 0.00835476 0.0137144
0 0.201107 0.766469 0.0169322 0.0183331
0 0.0765184 0.462011 0.0163852 0.0149767
0 0.183899 0.752132 0.0175993 0.0175796
0 0.576546 0.994747 0.0144005 0.0103825
0 0.805584 0.543334 0.0202743 0.0236145
0 0.748959 0.993456 0.0114841 0.0127993
