0 0.690374 0.522273 0.0246711 0.0216833
0 0.978967 0.679261 0.0188899 0.0224669
0 0.677292 0.306437 0.017291 0.0211622
0 0.193929 0.542686 0.0205705 0.0312926
0 0.284772 0.444718 0.0227371 0.0248511
0 0.65299 0.122727 0.0177491 0.0203734
0 0.754403 0.618058 0.0210273 0.0235041
0 0.087518 0.952048 0.014237 0.0268209
0 0.67765 0.17007 0.0158656 0.0251952
0 0.495071 0.645765 0.0205036 0.0251627
0 0.888895 0.459662 0.0231626 0.0162117
0 0.699859 0.985933 0.0214268 0.025872
0 0.00429163 0.682107 0.00822811 0.0202538
0 0.963752 0.431313 0.0167336 0.0132612
0 0.0846598 0.474161 0.0223779 0.0244651
0 0.498865 0.113316 0.0166173 0.0185348
0 0.434634 0.0095766 0.0132539 0.0121443
0 0.444561 0.453663 0.0238494 0.0197379
0 0.279522 0.32815 0.0156631 0.0136885
0 0.970999 0.944039 0.0176982 0.0206114
0 0.579275 0.736613 0.0155025 0.0278953
0 0.184509 0.757742 0.0220805 0.0281985
0 0.568116 0.172327 0.0137645 0.022684
0 0.812369 0.945601 0.0155435 0.0276537
0 0.913636 0.0465978 0.0152283 0.0211746
0 0.230998 0.740623 0.0167735 0.0199625
0 0.983125 0.23734 0.0156183 0.0122656
0 0.410739 0.00612345 0.0134232 0.0123541
0 0.127412 0.568636 0.0183682 0.0345393
0 0.958182 0.0369067 0.0142055 0.0133062
0 0.894743 0.766495 0.015104 0.0250815
0 0.272145 0.798036 0.0223358 0.0203049
0 0.490403 0.824545 0.0172674 0.0154188
0 0.939096 0.245487 0.0171604 0.0134541
0 0.409887 0.391568 0.0154338 0.0131806
0 0.536285 0.466005 0.0141509 0.012334
0 0.794984 0.945759 0.0182274 0.0309807
0 0.518855 0.297455 0.0157187 0.0175477
0 0.103218 0.545756 0.0174684 0.0152978
0 0.257846 0.789864 0.0239009 0.0189321
0 0.032191 0.293472 0.012992 0.0139706
0 0.456319 0.298578 0.0177423 0.017962
0 0.574576 0.098401 0.0140725 0.0210698
0 0.305374 0.12285 0.0184988 0.0161154
0 0.304668 0.122747 0.0171901 0.0155935
0 0.702262 0.258728 0.0134771 0.0117924
0 0.464528 0.0493721 0.0129264 0.018112
0 0.0399582 0.457044 0.0148718 0.0111457
0 0.200595 0.766096 0.0185099 0.0203185
0 0.511324 0.792151 0.0167258 0.0133543
0 0.403616 0.918925 0.013454 0.0225054
0 0.411187 0.601979 0.0180209 0.0134063
0 0.172007 0.670108 0.0190987 0.0242656
0 0.0782924 0.344043 0.0150294 0.0197058
0 0.676889 0.268201 0.0153576 0.0167173
0 0.224326 0.087774 0.0169677 0.0190654
0 0.312518 0.189933 0.0175162 0.0147337
0 0.41847 0.191447 0.0164016 0.0247849
0 0.816401 0.172348 0.0111794 0.0167673
0 0.257831 0.0946772 0.0109526 0.0188508
0 0.00393977 0.1371 0.00760453 0.0167733
0 0.46004 0.671407 0.0184892 0.0138913
0 0.856988 0.420775 0.0148555 0.0130289
0 0.491267 0.00309304 0.0147626 0.00660494
0 0.487048 0.324954 0.0235439 0.0207304
0 0.557851 0.211104 0.0139467 0.0183815
0 0.842201 0.230665 0.0208392 0.0240714
0 0.24691 0.0772977 0.0158207 0.0150048
0 0.255663 0.787002 0.0202135 0.0145931
0 0.0888869 0.926369 0.0189497 0.0267217
0 0.806652 0.518522 0.0151892 0.0142977
0 0.372319 0.728051 0.0163511 0.0148227
0 0.530863 0.073597 0.0128478 0.0164367
0 0.122882 0.09288 0.0196204 0.0156152
0 0.0991949 0.460474 0.0148412 0.0119295
0 0.178244 0.0395532 0.0136324 0.0156353
0 0.495589 0.459218 0.0135651 0.0140606
0 0.0314832 0.494559 0.0184399 0.0166384
0 0.278704 0.436427 0.0148506 0.0114568
0 0.80489 0.543189 0.0164307 0.0193425
0 0.183689 0.75215 0.0181433 0.0184904
0 0.555384 0.211988 0.00945249 0.0156039
0 0.581651 0.992652 0.0136747 0.0140531
0 0.600469 0.850434 0.0104519 0.0159355
0 0.749027 0.993831 0.0114204 0.0122565
