0 0.690314 0.521959 0.0253098 0.0223647
0 0.677004 0.307043 0.0171259 0.0215609
0 0.193922 0.542555 0.0204649 0.0315887
0 0.65301 0.122647 0.018125 0.0210789
0 0.754464 0.618185 0.021559 0.0231183
0 0.977092 0.688415 0.0195584 0.0175625
0 0.886469 0.455451 0.0215408 0.0176178
0 0.677725 0.170321 0.0162736 0.0254598
0 0.0877704 0.95248 0.0144657 0.0270336
0 0.963329 0.431254 0.0164583 0.0131915
0 0.494582 0.645871 0.0199857 0.0241834
0 0.498841 0.113052 0.0167229 0.0193639
0 0.435432 0.00923719 0.0145824 0.012541
0 0.305213 0.117687 0.0187877 0.0137088
0 0.699508 0.985866 0.0208502 0.0256464
0 0.913529 0.0466664 0.0154514 0.0213392
0 0.280214 0.329858 0.0159017 0.0145804
0 0.579446 0.735435 0.0152353 0.0256222
0 0.00636911 0.692564 0.0123106 0.0185323
0 0.190421 0.759123 0.0302733 0.0299473
0 0.44535 0.453866 0.0224939 0.0181348
0 0.958117 0.0367298 0.0145807 0.0140468
0 0.567678 0.172277 0.0136424 0.022523
0 0.894648 0.766297 0.013754 0.0249934
0 0.575842 0.0955295 0.0146755 0.0215154
0 0.459405 0.0601876 0.0226477 0.0315582
0 0.490494 0.8253 0.0170541 0.0154933
0 0.982943 0.237001 0.0159927 0.0131509
0 0.272191 0.798285 0.0225488 0.0195392
0 0.93412 0.2437 0.0162437 0.0133212
0 0.288999 0.445706 0.0169032 0.0229722
0 0.410825 0.00641183 0.0138022 0.0127699
0 0.0897038 0.478719 0.0191148 0.0149989
0 0.224091 0.088088 0.0170233 0.0186195
0 0.843381 0.230258 0.0225712 0.0248649
0 0.230943 0.740917 0.0164991 0.0189855
0 0.126204 0.569928 0.019522 0.036364
0 0.971467 0.944413 0.0176239 0.0214931
0 0.511303 0.792251 0.0175364 0.0138705
0 0.00384763 0.137184 0.00755525 0.0162685
0 0.257001 0.789203 0.0237033 0.0183145
0 0.410443 0.391473 0.0130522 0.0119505
0 0.103237 0.545695 0.0180412 0.0159907
0 0.013062 0.284423 0.0100037 0.0220538
0 0.256838 0.106366 0.0133754 0.0257406
0 0.677239 0.268398 0.0149394 0.0170202
0 0.078348 0.344209 0.0152512 0.0195398
0 0.118704 0.111473 0.0154698 0.0241557
0 0.403628 0.918626 0.0135808 0.0228997
0 0.171776 0.670341 0.017702 0.0238826
0 0.518612 0.297612 0.0152524 0.0173822
0 0.312731 0.1899 0.0176921 0.0148466
0 0.460307 0.671672 0.0173736 0.0132712
0 0.171238 0.670221 0.0171075 0.0234077
0 0.18964 0.0284224 0.0122984 0.0191205
0 0.856993 0.420818 0.0148692 0.0136311
0 0.0337538 0.46418 0.0136702 0.0115029
0 0.411498 0.601866 0.0165555 0.012584
0 0.456095 0.0690815 0.0180054 0.0153921
0 0.456854 0.29866 0.0185723 0.0181866
0 0.215839 0.0333753 0.0221645 0.019763
0 0.491652 0.00316895 0.014739 0.00668982
0 0.702124 0.258882 0.0127753 0.0117701
0 0.493751 0.442022 0.0129351 0.0156077
0 0.0889582 0.925483 0.018635 0.026004
0 0.246442 0.0780082 0.0169865 0.0154088
0 0.0123888 0.115328 0.0133795 0.0189838
0 0.527557 0.467713 0.0140915 0.015544
0 0.254681 0.78715 0.0197959 0.0139713
0 0.807518 0.933142 0.0242253 0.0179725
0 0.41902 0.193878 0.0151633 0.0242684
0 0.585865 0.845206 0.0106738 0.0171163
0 0.79208 0.951355 0.0131589 0.0204998
0 0.099534 0.461424 0.0171033 0.0143771
0 0.372507 0.729191 0.0157495 0.014446
0 0.806633 0.518391 0.0154234 0.0142212
0 0.558136 0.210291 0.0143824 0.0183996
0 0.531053 0.073765 0.0123167 0.0165101
0 0.816823 0.172534 0.0107619 0.0156262
0 0.0315587 0.494861 0.0189399 0.0175365
0 0.870175 0.181795 0.0130418 0.0160971
0 0.464825 0.0504796 0.0113954 0.0167793
0 0.201247 0.76631 0.0170589 0.0185008
0 0.0768505 0.462093 0.0163438 0.0152223
0 0.27514 0.430204 0.0105389 0.0169386
0 0.183827 0.752381 0.0177766 0.0184864
0 0.482376 0.323688 0.0135472 0.0132061
0 0.576114 0.996298 0.0156423 0.00671983
0 0.748843 0.993587 0.0110008 0.0122079
