0 0.69007 0.52228 0.0245939 0.0219376
0 0.2873 0.447551 0.0205276 0.027325
0 0.193563 0.54259 0.0205863 0.0326673
0 0.677242 0.306636 0.0172185 0.0207039
0 0.75461 0.618109 0.0209507 0.0222042
0 0.652877 0.122722 0.0182343 0.0207532
0 0.411649 0.0104602 0.0142654 0.0183457
0 0.044717 0.436941 0.0139572 0.0198504
0 0.677453 0.17096 0.0160503 0.0247865
0 0.987745 0.682254 0.0218605 0.0169851
0 0.0876628 0.95193 0.014017 0.0265938
0 0.963209 0.431241 0.017135 0.0133149
0 0.700136 0.985934 0.0222155 0.0258001
0 0.498971 0.113483 0.0165206 0.0187135
0 0.435511 0.0102839 0.0161353 0.0152509
0 0.887856 0.454757 0.0153971 0.0216957
0 0.278822 0.325445 0.0154175 0.0178937
0 0.444694 0.453599 0.0250528 0.0199295
0 0.190317 0.759367 0.0313046 0.0308484
0 0.970912 0.944083 0.0179067 0.0220009
0 0.939757 0.250338 0.012066 0.0181894
0 0.894502 0.767039 0.0136827 0.0255706
0 0.568411 0.172875 0.0145365 0.0227152
0 0.495293 0.646402 0.020773 0.024955
0 0.913429 0.0466597 0.0154895 0.0213344
0 0.541608 0.480736 0.0129215 0.0174963
0 0.0519359 0.28922 0.0148674 0.0187029
0 0.301744 0.127174 0.0148028 0.0134529
0 0.127857 0.566917 0.0159681 0.0301433
0 0.578322 0.736136 0.0140111 0.0245044
0 0.843226 0.230707 0.0210496 0.024457
0 0.103434 0.545838 0.0174514 0.0156165
0 0.489895 0.824399 0.016957 0.0142192
0 0.983354 0.237346 0.0153332 0.0125498
0 0.958581 0.0367641 0.0139485 0.0148996
0 0.515033 0.476941 0.017909 0.0181184
0 0.231231 0.740936 0.0166949 0.0197681
0 0.257739 0.789287 0.0241567 0.0191252
0 0.0128375 0.1149 0.0125909 0.0180963
0 0.0314092 0.49467 0.0187458 0.0175039
0 0.409763 0.391513 0.0148351 0.0128087
0 0.271985 0.798292 0.0225054 0.0198883
0 0.411648 0.601974 0.0173753 0.013642
0 0.171631 0.670039 0.0178239 0.02356
0 0.511706 0.792037 0.0170148 0.0133991
0 0.0784166 0.344646 0.0153863 0.0191502
0 0.677284 0.268864 0.01492 0.0169482
0 0.519518 0.296965 0.0148927 0.0174657
0 0.569764 0.0974173 0.0207573 0.0188075
0 0.00382014 0.136943 0.00753099 0.0160649
0 0.312656 0.189696 0.0180174 0.0139139
0 0.702432 0.259098 0.0136725 0.0114539
0 0.126169 0.0690094 0.0199184 0.0187629
0 0.807682 0.975301 0.0128413 0.0160886
0 0.089956 0.47858 0.0187821 0.0147634
0 0.856967 0.421286 0.0147576 0.0131601
0 0.464996 0.0490568 0.0116538 0.0155159
0 0.45616 0.298238 0.0169435 0.0173203
0 0.491774 0.00295728 0.0142096 0.00645089
0 0.460169 0.671812 0.0185813 0.0138166
0 0.817065 0.172169 0.0111301 0.0156772
0 0.0884542 0.925704 0.0189626 0.027335
0 0.404287 0.919451 0.0134308 0.0212859
0 0.181629 0.065674 0.0122253 0.0131683
0 0.100021 0.460982 0.0154608 0.0146187
0 0.792744 0.944676 0.0141602 0.0294505
0 0.255234 0.787354 0.0197597 0.0147492
0 0.611821 0.8441 0.0143806 0.00984752
0 0.248606 0.103482 0.0111606 0.0127168
0 0.871223 0.181326 0.0132493 0.0157527
0 0.478371 0.317796 0.0136139 0.0147886
0 0.372367 0.728694 0.0164038 0.015184
0 0.0888443 0.938594 0.0196681 0.0492557
0 0.806891 0.518548 0.0146961 0.0140883
0 0.224838 0.0871468 0.0167195 0.018043
0 0.201317 0.766534 0.0171238 0.0191994
0 0.0769081 0.462035 0.0171799 0.0153798
0 0.531005 0.0732637 0.0126159 0.015435
0 0.556741 0.217315 0.0113696 0.0138716
0 0.575727 0.992746 0.0166238 0.014274
0 0.183872 0.752043 0.0183749 0.018293
0 0.749065 0.993238 0.0116404 0.0125649
0 0.804847 0.543316 0.0152462 0.0189881
0 0.247748 0.0785624 0.0157835 0.016304
0 0.196843 0.536277 0.0142344 0.0200309
0 0.183706 0.758977 0.0219488 0.0285695
