0 0.690335 0.522127 0.024895 0.0213039
0 0.677234 0.306777 0.017242 0.0207398
0 0.19372 0.54247 0.0209765 0.0318944
0 0.754632 0.617886 0.0211817 0.0235316
0 0.979044 0.679593 0.0162055 0.0214285
0 0.652962 0.123199 0.0182183 0.0217222
0 0.677613 0.170743 0.0169466 0.0256414
0 0.00479795 0.685391 0.00918326 0.0166597
0 0.889127 0.458977 0.0231379 0.0161422
0 0.284833 0.445164 0.0243111 0.0228711
0 0.0873654 0.952032 0.0144108 0.0270407
0 0.963315 0.43146 0.0164852 0.0136514
0 0.491777 0.455056 0.0150174 0.022217
0 0.444848 0.45425 0.0233371 0.0194455
0 0.0843703 0.474065 0.0231253 0.0264829
0 0.575929 0.100215 0.0190598 0.0230605
0 0.494907 0.646114 0.0202808 0.024326
0 0.699581 0.986204 0.0202758 0.025081
0 0.190578 0.759322 0.0310068 0.0304294
0 0.279692 0.328308 0.0159603 0.014003
0 0.435018 0.00880167 0.0136455 0.0123132
0 0.913594 0.046611 0.0151394 0.020518
0 0.127795 0.567492 0.0171219 0.0314082
0 0.499064 0.113462 0.0167367 0.0187572
0 0.230797 0.740594 0.0166851 0.0200336
0 0.958553 0.0364488 0.0137484 0.0136996
0 0.811628 0.942851 0.015455 0.0197774
0 0.53483 0.465244 0.0163139 0.013962
0 0.490296 0.824494 0.0169235 0.0152423
0 0.982802 0.237109 0.0154449 0.0130188
0 0.579515 0.735641 0.0147091 0.0244324
0 0.568027 0.171997 0.0136936 0.0238316
0 0.894651 0.7662 0.0136036 0.0244434
0 0.305085 0.122235 0.0172506 0.0153548
0 0.971195 0.944185 0.0172453 0.0209281
0 0.939331 0.245356 0.0163154 0.0125493
0 0.41033 0.391608 0.014866 0.0128292
0 0.171639 0.670424 0.0181623 0.0239985
0 0.795309 0.944857 0.0180677 0.0310148
0 0.410805 0.00663818 0.0146572 0.0130717
0 0.103433 0.546094 0.0173585 0.015461
0 0.00384646 0.136876 0.00731413 0.0162427
0 0.272346 0.798122 0.0226659 0.0197995
0 0.457274 0.298723 0.0188105 0.0184177
0 0.224661 0.0881232 0.0173729 0.0184328
0 0.0314097 0.292427 0.0116292 0.0128616
0 0.0788311 0.344371 0.0151606 0.0194048
0 0.51893 0.297785 0.0155884 0.0171679
0 0.511443 0.792257 0.0166353 0.0136189
0 0.411927 0.60201 0.0175068 0.0133855
0 0.126955 0.0902234 0.014781 0.0166668
0 0.312498 0.190054 0.0175645 0.0143431
0 0.842352 0.230704 0.0205014 0.0228426
0 0.464427 0.0489561 0.0141626 0.0172415
0 0.856843 0.421065 0.0144524 0.0131989
0 0.702634 0.258649 0.0134791 0.0114636
0 0.0125705 0.114914 0.0119225 0.0173907
0 0.246694 0.0778 0.0159746 0.0152197
0 0.179117 0.0373192 0.0132782 0.0134912
0 0.491455 0.00314516 0.0147748 0.006689
0 0.459761 0.671845 0.0181477 0.0132588
0 0.08878 0.938652 0.019813 0.0503457
0 0.487784 0.325121 0.02263 0.0200626
0 0.676927 0.268864 0.0151397 0.0157661
0 0.0886561 0.926057 0.0185369 0.0276395
0 0.403927 0.919273 0.0132184 0.0221891
0 0.256034 0.787446 0.021092 0.016549
0 0.481518 0.32187 0.0119891 0.0139408
0 0.215487 0.0334686 0.0203176 0.0199036
0 0.816614 0.171871 0.0106125 0.0153504
0 0.0994582 0.460397 0.0152219 0.0121225
0 0.419233 0.190329 0.0149046 0.0220556
0 0.372206 0.728034 0.0165317 0.0155888
0 0.031637 0.494548 0.0192096 0.0169672
0 0.8701 0.181642 0.0130452 0.0158676
0 0.807137 0.518446 0.0139662 0.0139457
0 0.200837 0.766394 0.0169694 0.0183896
0 0.257871 0.0982725 0.0111446 0.0234879
0 0.531177 0.0740529 0.0125972 0.0163045
0 0.44145 0.0469077 0.0158166 0.0220782
0 0.183797 0.751945 0.0181975 0.0180013
0 0.804748 0.543004 0.0166624 0.0205529
0 0.580979 0.993031 0.0126988 0.0132895
0 0.555513 0.211509 0.0095006 0.0148641
0 0.749136 0.993757 0.0113809 0.0122519
0 0.197025 0.536324 0.014406 0.0195436
0 0.274312 0.438459 0.0145136 0.0156076
