0 0.690341 0.521959 0.025005 0.0219934
0 0.754603 0.617992 0.0208542 0.0225235
0 0.677302 0.306815 0.0172169 0.0212644
0 0.977615 0.688493 0.017591 0.0154474
0 0.0875441 0.952187 0.0146513 0.0268149
0 0.193948 0.542783 0.0207955 0.0319598
0 0.653037 0.122809 0.0180625 0.0206923
0 0.887074 0.455109 0.0196871 0.0178491
0 0.677326 0.170519 0.0162552 0.0252417
0 0.494774 0.645947 0.0195863 0.023869
0 0.435231 0.00912254 0.0142494 0.0130276
0 0.96353 0.431171 0.0161675 0.0130819
0 0.445078 0.453888 0.0238118 0.0199769
0 0.499291 0.113344 0.0169991 0.0193164
0 0.305242 0.117986 0.0191495 0.0143538
0 0.699805 0.986013 0.0218105 0.0254093
0 0.280503 0.330172 0.0157503 0.014521
0 0.00610265 0.692469 0.0117055 0.0179906
0 0.191396 0.759618 0.0323418 0.0306733
0 0.567605 0.171888 0.0138077 0.0231875
0 0.894899 0.766994 0.014729 0.0261805
0 0.579482 0.735494 0.0150117 0.0246114
0 0.12577 0.571726 0.020833 0.037328
0 0.982462 0.237209 0.0159359 0.0127129
0 0.490541 0.825233 0.0179161 0.0162206
0 0.410684 0.00681159 0.0141913 0.0134438
0 0.958041 0.0367287 0.0143462 0.0144482
0 0.103294 0.545663 0.0176941 0.0155632
0 0.971388 0.94462 0.0169097 0.019245
0 0.493881 0.441117 0.0160252 0.0159757
0 0.576223 0.0956591 0.0148316 0.0216328
0 0.518952 0.297804 0.0160636 0.0177752
0 0.410218 0.3913 0.0141893 0.0123937
0 0.289051 0.445629 0.0172099 0.0239355
0 0.121477 0.109504 0.0204523 0.0246017
0 0.272007 0.798639 0.022642 0.0195435
0 0.0783561 0.344117 0.0158861 0.0202485
0 0.91371 0.0468766 0.0157944 0.0211396
0 0.231117 0.740372 0.016458 0.0195556
0 0.935055 0.243906 0.0146671 0.0127096
0 0.0896621 0.478361 0.0193034 0.0152454
0 0.25734 0.789312 0.0238508 0.0189574
0 0.223987 0.0879348 0.0171235 0.0185437
0 0.312904 0.189697 0.0185381 0.0147184
0 0.511469 0.792198 0.0172315 0.0130525
0 0.403625 0.918319 0.0138914 0.0244875
0 0.0121082 0.281195 0.00961302 0.0231021
0 0.17149 0.670333 0.0178283 0.024034
0 0.418657 0.194016 0.0143291 0.0240825
0 0.456835 0.298599 0.0179191 0.0182081
0 0.411322 0.602033 0.0174043 0.0131973
0 0.188953 0.0292146 0.0127208 0.018347
0 0.702314 0.25877 0.0140252 0.0109928
0 0.460101 0.671859 0.0184927 0.0140008
0 0.216872 0.0337537 0.0245977 0.0230899
0 0.843205 0.230557 0.0210271 0.0244565
0 0.00386453 0.137054 0.00749378 0.0170379
0 0.676884 0.268261 0.0149909 0.0163307
0 0.491602 0.00303925 0.0151802 0.00652588
0 0.257015 0.106863 0.0144071 0.0266055
0 0.85699 0.420772 0.0144062 0.0134838
0 0.372686 0.728924 0.0165025 0.0143346
0 0.586125 0.84618 0.0103481 0.0163305
0 0.0336998 0.46489 0.013891 0.0118006
0 0.816443 0.173036 0.0115129 0.0175205
0 0.527912 0.467784 0.0153975 0.0162884
0 0.254759 0.787309 0.0196685 0.0144163
0 0.792344 0.948911 0.0138175 0.0250523
0 0.246451 0.0778827 0.016287 0.0155668
0 0.0989273 0.461295 0.0166809 0.0140349
0 0.870098 0.181847 0.0122187 0.0158049
0 0.80704 0.518332 0.0145378 0.0142788
0 0.20142 0.766456 0.0173061 0.0185885
0 0.531109 0.0738166 0.0122669 0.0160369
0 0.0882497 0.926883 0.0190165 0.0272952
0 0.577251 0.995945 0.0164876 0.00764203
0 0.0767101 0.46215 0.0168984 0.0156139
0 0.275854 0.430999 0.0114628 0.0167092
0 0.452691 0.0674906 0.0187325 0.0137993
0 0.0309219 0.494728 0.0181251 0.0157704
0 0.18371 0.752319 0.0182872 0.0183771
0 0.805162 0.542607 0.0157843 0.0186405
0 0.556285 0.211391 0.010549 0.0161873
