0 0.690483 0.521727 0.0251188 0.0217135
0 0.28788 0.446411 0.0190952 0.0257211
0 0.75437 0.618145 0.0214463 0.022571
0 0.193869 0.542159 0.0203328 0.0316553
0 0.677153 0.306803 0.0171501 0.0212603
0 0.653175 0.122619 0.0179928 0.0210888
0 0.677762 0.17051 0.0165932 0.0254247
0 0.986678 0.679542 0.0211027 0.0181795
0 0.0874354 0.951577 0.0141924 0.0268974
0 0.699804 0.985749 0.0196321 0.0248563
0 0.888407 0.455542 0.0161418 0.0226107
0 0.963799 0.431012 0.0154937 0.0130457
0 0.568163 0.172012 0.0141364 0.0227938
0 0.495222 0.646034 0.020586 0.0247712
0 0.30567 0.12778 0.0176349 0.0160534
0 0.434878 0.0102716 0.0140301 0.0131493
0 0.499042 0.113189 0.0163679 0.0187708
0 0.190621 0.75945 0.0320407 0.030007
0 0.44476 0.45379 0.024954 0.0207355
0 0.0435657 0.441075 0.0131212 0.014835
0 0.540828 0.477337 0.0157074 0.0179756
0 0.578755 0.736614 0.0142484 0.0259815
0 0.0320249 0.494509 0.018638 0.0169669
0 0.126712 0.569342 0.0193673 0.0357569
0 0.913322 0.0462005 0.0153755 0.0211517
0 0.10355 0.545722 0.0182799 0.0157517
0 0.230843 0.74052 0.0163992 0.0198649
0 0.490342 0.823991 0.0172021 0.0146519
0 0.982881 0.236946 0.0160149 0.0131715
0 0.958216 0.0365364 0.0127559 0.0131382
0 0.00376262 0.136669 0.0071542 0.0168553
0 0.278945 0.326658 0.0147219 0.0131471
0 0.41018 0.39122 0.0147315 0.0124961
0 0.414153 0.0113417 0.015113 0.0157429
0 0.971356 0.944175 0.0169539 0.0203918
0 0.894923 0.766494 0.0141945 0.0256381
0 0.0785157 0.344075 0.014903 0.0191751
0 0.259598 0.790402 0.0249363 0.0202881
0 0.702806 0.258326 0.0141354 0.0124784
0 0.609713 0.84334 0.0171815 0.0135983
0 0.464935 0.0491029 0.0120279 0.014181
0 0.272295 0.797801 0.023353 0.0200785
0 0.171399 0.669888 0.0176222 0.0234635
0 0.940924 0.248655 0.0128645 0.0174514
0 0.519063 0.296679 0.0146735 0.0174526
0 0.088376 0.924844 0.0196513 0.0280967
0 0.570716 0.0952676 0.0185269 0.0181631
0 0.130078 0.0637361 0.0114479 0.021314
0 0.842814 0.230959 0.0211628 0.0242149
0 0.67733 0.268719 0.0156785 0.0171078
0 0.0532542 0.293378 0.0118226 0.013634
0 0.411519 0.601829 0.0171986 0.0130455
0 0.404248 0.918274 0.0136346 0.0229145
0 0.0128864 0.114401 0.012807 0.0179575
0 0.511466 0.792251 0.0168121 0.0131485
0 0.0886415 0.937889 0.0207674 0.0510383
0 0.45637 0.298104 0.016668 0.0168796
0 0.0897508 0.478589 0.0187205 0.0145589
0 0.459952 0.671628 0.0187681 0.0137491
0 0.857062 0.420787 0.0155411 0.0136886
0 0.181289 0.0663259 0.0124415 0.012543
0 0.809239 0.964369 0.0139468 0.0207438
0 0.417933 0.0165334 0.0144419 0.0170611
0 0.312592 0.189719 0.0161319 0.0142378
0 0.372896 0.728298 0.0154867 0.0149881
0 0.791954 0.94523 0.0143821 0.0301894
0 0.49174 0.00304766 0.0142568 0.00648919
0 0.256917 0.786992 0.0207242 0.0163044
0 0.099615 0.460536 0.0164205 0.0139018
0 0.224605 0.0868683 0.0154684 0.0179145
0 0.418698 0.189945 0.0163023 0.023479
0 0.504666 0.472468 0.0139776 0.0139835
0 0.248409 0.103339 0.0109908 0.0124116
0 0.816515 0.172869 0.0119338 0.017521
0 0.806304 0.5184 0.0157535 0.0146804
0 0.248143 0.0783092 0.015255 0.0158927
0 0.820349 0.936404 0.0118865 0.0138308
0 0.870715 0.181395 0.0132224 0.0162302
0 0.578116 0.992362 0.011803 0.0143646
0 0.201446 0.766134 0.0169872 0.0187869
0 0.0765199 0.462016 0.0170961 0.0148336
0 0.556771 0.217071 0.0108417 0.0131718
0 0.531096 0.0734072 0.012068 0.015439
0 0.80517 0.542353 0.0164701 0.0207556
0 0.183767 0.752242 0.0183614 0.0180995
0 0.749018 0.992996 0.0115777 0.0126566
0 0.129456 0.559651 0.0132346 0.0167173
