0 0.747752 0.983319 0.0161141 0.0234022
0 0.991872 0.819763 0.0162868 0.0266995
0 0.211705 0.376325 0.0162106 0.0190272
0 0.481079 0.208611 0.0183912 0.0275456
0 0.516869 0.0832534 0.0220199 0.0293351
0 0.315052 0.0590733 0.0121812 0.0146869
0 0.373409 0.863083 0.0192567 0.0215869
0 0.883293 0.599368 0.0147563 0.0223856
0 0.634255 0.992632 0.0148748 0.0142411
0 0.910185 0.75042 0.0142388 0.0223992
0 0.296071 0.442611 0.014536 0.0221837
0 0.988347 0.505623 0.0196341 0.0227962
0 0.262132 0.835926 0.021755 0.0247813
0 0.0658007 0.0169038 0.0197004 0.0171082
0 0.658772 0.828984 0.0181649 0.023532
0 0.700673 0.0700936 0.0143323 0.0212262
0 0.882533 0.0982365 0.018611 0.0295004
0 0.392473 0.583947 0.0112775 0.0167729
0 0.875317 0.440753 0.0153234 0.0172459
0 0.848602 0.715381 0.0143867 0.0205678
0 0.705697 0.839479 0.0192012 0.0158916
0 0.813384 0.340302 0.0106994 0.0161116
0 0.347771 0.891665 0.0248479 0.035367
0 0.685623 0.970842 0.0179454 0.0250821
0 0.868926 0.319485 0.0196344 0.0198936
0 0.365113 0.0288849 0.0178987 0.0136054
0 0.18065 0.732075 0.0121424 0.0230573
0 0.754532 0.589554 0.0138849 0.0273598
0 0.508287 0.593379 0.0154355 0.0256147
0 0.995166 0.0800046 0.00972471 0.0188247
0 0.224246 0.805571 0.0167056 0.0170498
0 0.0146575 0.765925 0.0228866 0.0295898
0 0.711374 0.277123 0.0230884 0.0252166
0 0.886024 0.0692642 0.0137564 0.0177373
0 0.647546 0.411429 0.0195233 0.0186084
0 0.0316462 0.610679 0.0284737 0.0275815
0 0.633493 0.524807 0.0151649 0.0146587
0 0.190354 0.529137 0.0176654 0.0116818
0 0.610191 0.287152 0.0160909 0.0182671
0 0.892461 0.933097 0.0207525 0.0110283
0 0.332183 0.234944 0.0157226 0.0143102
0 0.804932 0.783208 0.0125445 0.0185091
0 0.973177 0.188083 0.0174533 0.0206886
0 0.75961 0.63453 0.00989666 0.0146087
0 0.424203 0.112022 0.0126181 0.0166201
0 0.128946 0.956941 0.0181727 0.0196996
0 0.100694 0.192026 0.0143741 0.0160349
0 0.308599 0.405058 0.0179911 0.0151271
0 0.576994 0.879463 0.0137175 0.0160434
0 0.663366 0.995534 0.0182308 0.00917554
0 0.982991 0.576967 0.0156835 0.0136092
0 0.880383 0.75053 0.014805 0.0165397
0 0.16131 0.165341 0.0130847 0.0126445
0 0.236656 0.680683 0.0173692 0.0176178
0 0.56798 0.859024 0.0157309 0.0221646
0 0.868082 0.994021 0.0164353 0.0112362
0 0.308666 0.544235 0.0124571 0.0191174
0 0.292786 0.246969 0.0157926 0.0178445
0 0.747665 0.278297 0.0128514 0.0219378
0 0.629919 0.690589 0.0188445 0.0260389
0 0.85841 0.663965 0.0133475 0.0156111
0 0.791386 0.887048 0.0127593 0.0141838
0 0.410061 0.532886 0.0102354 0.0135618
0 0.0670501 0.118298 0.012203 0.0133603
0 0.0323403 0.537499 0.0146729 0.0215383
0 0.742398 0.430757 0.0107311 0.0148348
0 0.272061 0.728302 0.0149828 0.0163326
0 0.308035 0.705277 0.0144004 0.0187436
0 0.92063 0.809004 0.0131647 0.0163145
0 0.0236469 0.38971 0.0122509 0.0170065
0 0.214327 0.6922 0.015638 0.0238695
0 0.0893716 0.266697 0.0120184 0.0132417
0 0.666408 0.0671627 0.00968885 0.0154922
0 0.161893 0.693685 0.0137897 0.0149807
0 0.894019 0.982503 0.0119576 0.0172153
0 0.224807 0.53645 0.0120891 0.0167865
0 0.223476 0.0504076 0.0158389 0.0162721
0 0.0277054 0.243335 0.0134265 0.015327
0 0.199072 0.349423 0.0160394 0.0262828
0 0.5967 0.240575 0.0143858 0.0145656
0 0.145692 0.689442 0.0133967 0.0165205
0 0.64357 0.189518 0.0130267 0.0162766
0 0.932331 0.188127 0.0100895 0.01593
0 0.811586 0.65386 0.0135837 0.0140668
0 0.415536 0.391308 0.0131002 0.016545
0 0.580629 0.778067 0.0136763 0.0137303
0 0.592422 0.967011 0.0126374 0.0109459
0 0.971143 0.390114 0.0125922 0.0182933
0 0.539122 0.214089 0.0199065 0.0162114
0 0.836935 0.450603 0.0107916 0.0141351
0 0.324426 0.748591 0.0234613 0.0283853
0 0.298124 0.386538 0.0127448 0.0186478
0 0.533427 0.502829 0.0146753 0.0132751
0 0.812232 0.84125 0.0131281 0.0198083
0 0.969752 0.0593776 0.00963278 0.0167017
0 0.398126 0.103637 0.0161067 0.0191913
0 0.140784 0.562284 0.0129503 0.0108839
0 0.883 0.853964 0.0165475 0.0124298
0 0.572353 0.652992 0.0118991 0.0145338
0 0.482428 0.546036 0.022662 0.0299417
0 0.705343 0.370748 0.0125433 0.0253345
0 0.819582 0.722283 0.0210115 0.0148642
0 0.160058 0.00683036 0.0165532 0.0115752
0 0.598353 0.770784 0.0171527 0.0155451
0 0.0853408 0.200736 0.0130421 0.0145278
0 0.364438 0.39497 0.0163209 0.0175014
0 0.347992 0.938336 0.0201178 0.0179147
0 0.250061 0.0639675 0.0135005 0.0199585
0 0.965748 0.750865 0.0102746 0.0161567
0 0.942646 0.21849 0.0132592 0.0178912
0 0.607958 0.994834 0.0155528 0.0103178
0 0.996027 0.957175 0.00801086 0.0192425
0 0.34149 0.883956 0.0141016 0.020497
0 0.0779538 0.772954 0.0139086 0.012187
0 0.183211 0.853357 0.0113766 0.017305
0 0.275648 0.0260079 0.0100563 0.013496
0 0.380014 0.27041 0.0118235 0.0186353
0 0.168131 0.373635 0.0133984 0.00987834
0 0.970802 0.772686 0.0115252 0.0160956
0 0.490369 0.0736048 0.0182045 0.0148859
