0 0.400826 0.144244 0.0306624 0.0378462
0 0.0339897 0.16847 0.0442551 0.0600825
0 0.738855 0.640609 0.0354343 0.0351474
0 0.771984 0.139569 0.0243316 0.0331293
0 0.496065 0.557053 0.0233828 0.0365396
0 0.751381 0.884152 0.0280193 0.0358035
0 0.626329 0.683127 0.0245706 0.0353392
0 0.296424 0.8242 0.0388619 0.0382802
0 0.425999 0.667349 0.0263422 0.0301495
0 0.485102 0.861382 0.0200078 0.0293883
0 0.757352 0.193566 0.0244295 0.0535264
0 0.0776836 0.42925 0.0343375 0.0298811
0 0.0126463 0.553954 0.0246564 0.0318094
0 0.220241 0.575449 0.0305742 0.0351927
0 0.412456 0.738292 0.0216367 0.0456626
0 0.946199 0.375625 0.036043 0.0415098
0 0.19519 0.482714 0.0291124 0.0318645
0 0.104055 0.408753 0.0213673 0.0444036
0 0.152762 0.527219 0.0288321 0.0408078
0 0.552486 0.820791 0.0217532 0.0320878
0 0.942287 0.781612 0.028152 0.0388779
0 0.333553 0.134665 0.019974 0.0362288
0 0.775494 0.210131 0.0218155 0.0402942
0 0.14566 0.903929 0.0243273 0.0352821
0 0.732121 0.353039 0.0219143 0.0371298
0 0.0441422 0.656229 0.0272715 0.0331022
0 0.989967 0.156175 0.0201044 0.0342398
0 0.865325 0.37961 0.0181827 0.0287163
0 0.332603 0.285926 0.0212111 0.034689
0 0.42443 0.556978 0.0472558 0.0523966
0 0.945136 0.384789 0.039595 0.0579884
0 0.579819 0.0872746 0.0265329 0.0287029
0 0.22127 0.517038 0.0220072 0.0365908
0 0.281336 0.37989 0.0372965 0.0381576
0 0.938833 0.119273 0.01921 0.0388644
0 0.295645 0.0134994 0.0221501 0.0244811
0 0.600839 0.393937 0.0271322 0.0361062
0 0.886937 0.437507 0.0246466 0.0346624
0 0.673007 0.902897 0.0241714 0.0334609
0 0.984045 0.0545926 0.0212216 0.0356061
0 0.933831 0.407137 0.0216307 0.0273529
0 0.150674 0.725056 0.0240043 0.0266948
0 0.765805 0.200439 0.0377984 0.062816
