0 0.543567 0.457135 0.0303141 0.0339618
0 0.362862 0.465281 0.0245079 0.0454667
0 0.523375 0.665962 0.0407332 0.0363805
0 0.618626 0.0903756 0.0217543 0.0343911
0 0.747903 0.726627 0.0399407 0.0472578
0 0.258079 0.91483 0.0360105 0.0362206
0 0.429297 0.385094 0.0277084 0.0476683
0 0.323178 0.389637 0.0292706 0.0328683
0 0.692165 0.880944 0.0350413 0.029395
0 0.0541232 0.211261 0.0366325 0.0354217
0 0.889377 0.379642 0.0282095 0.0313188
0 0.696717 0.280996 0.0277537 0.0330322
0 0.379994 0.0592398 0.0367241 0.026873
0 0.616901 0.412157 0.0299965 0.042356
0 0.683125 0.769321 0.0278716 0.0410816
0 0.470386 0.362049 0.0378558 0.0394306
0 0.224971 0.464097 0.0260028 0.0327485
0 0.786281 0.168486 0.0268957 0.038197
0 0.588644 0.265662 0.021488 0.0339195
0 0.448709 0.612494 0.0287952 0.0304062
0 0.366185 0.706865 0.0236834 0.0375256
0 0.0263813 0.394831 0.0411393 0.0355075
0 0.0635806 0.0737139 0.0264892 0.0452551
0 0.720049 0.492098 0.0291813 0.0292143
0 0.293005 0.381928 0.0263495 0.0365978
0 0.139075 0.468987 0.0219907 0.0338738
0 0.835317 0.790091 0.023876 0.0369034
0 0.0709113 0.592886 0.0265338 0.0317483
0 0.64874 0.498342 0.046726 0.0593904
0 0.525674 0.693915 0.0324178 0.0318319
0 0.0312743 0.531293 0.0385719 0.0571128
0 0.821252 0.0678191 0.0277752 0.0392278
0 0.960337 0.0929681 0.0408892 0.0602043
0 0.422581 0.742378 0.032403 0.0235978
0 0.425746 0.302338 0.0251872 0.0245021
0 0.883166 0.706565 0.025646 0.0423645
0 0.712115 0.804982 0.022651 0.0388006
0 0.448548 0.0770378 0.023095 0.0404518
0 0.156218 0.546455 0.0280439 0.0264583
0 0.840665 0.246109 0.0285889 0.0322149
0 0.468696 0.371248 0.0431934 0.0552395
0 0.282604 0.126833 0.0289653 0.0272026
0 0.0758571 0.761528 0.0208561 0.0361579
0 0.523975 0.677659 0.0411553 0.0548528
0 0.801157 0.590315 0.0276077 0.0347257
0 0.620026 0.248854 0.0255048 0.0214795
