0 0.777049 0.983593 0.799444 0.983215 0.799152 0.95241 0.776757 0.952787
0 0.478159 0.948886 0.482205 0.983696 0.510878 0.977771 0.506832 0.942961
0 0.695138 0.45743 0.714231 0.442904 0.699154 0.40767 0.680061 0.422196
0 0.59818 0.584104 0.621022 0.583721 0.620718 0.551547 0.597876 0.55193
0 0.968996 0.669047 1.00115 0.667416 0.999669 0.615339 0.967511 0.61697
0 0.244217 0.378648 0.251562 0.403071 0.277464 0.389223 0.270119 0.3648
0 0.167568 0.56815 0.16779 0.546052 0.148447 0.545707 0.148226 0.567805
0 0.996271 0.0363843 0.997392 -0.00145367 0.960285 -0.00340786 0.959164 0.0344301
0 0.657387 0.463015 0.659466 0.43254 0.62554 0.428426 0.623461 0.4589
0 0.276171 0.0625643 0.276555 0.0372143 0.253387 0.0365893 0.253002 0.0619393
0 0.582042 0.937704 0.604014 0.935949 0.602496 0.90216 0.580524 0.903915
0 0.321029 0.985927 0.321328 1.00117 0.349543 1.00019 0.349244 0.984944
0 0.750851 0.69804 0.752333 0.72003 0.775392 0.717267 0.77391 0.695277
0 0.487961 0.473333 0.488197 0.496499 0.508761 0.496127 0.508525 0.47296
0 0.394441 0.664123 0.395122 0.693349 0.423526 0.692173 0.422846 0.662947
