0 0.764223 0.74794 0.764577 0.705508 0.731084 0.705012 0.73073 0.747444
0 0.627838 0.471024 0.628013 0.525699 0.669333 0.525464 0.669158 0.470789
0 0.393179 0.0702191 0.393973 0.047764 0.363721 0.0458614 0.362926 0.0683165
0 0.771924 0.183402 0.796055 0.183977 0.796512 0.149888 0.772382 0.149312
0 0.505424 0.645532 0.505435 0.690081 0.543354 0.690065 0.543343 0.645516
0 0.434621 0.598499 0.435246 0.628396 0.462137 0.627397 0.461512 0.597499
0 0.487497 0.378148 0.488554 0.348906 0.46127 0.347153 0.460213 0.376395
0 0.415928 0.289999 0.417032 0.312745 0.437023 0.311019 0.435918 0.288273
0 0.0136956 0.554292 0.0466267 0.55058 0.0435634 0.502262 0.0106323 0.505974
0 0.807649 0.055688 0.810053 0.0830872 0.831552 0.0797335 0.829148 0.0523342
0 0.604459 0.428787 0.629047 0.428236 0.628619 0.394281 0.604031 0.394832
