0 0.614517 0.545401 0.0133911 0.0219502
0 0.772086 0.685247 0.0218283 0.0179434
0 0.0215457 0.163894 0.0166105 0.0167032
0 0.0279573 0.438483 0.0119155 0.0246611
0 0.984205 0.863964 0.026413 0.0243255
0 0.659332 0.756164 0.0237654 0.0242507
0 0.636129 0.814143 0.0170707 0.0171275
0 0.255785 0.517523 0.023344 0.0185301
0 0.335733 0.549388 0.0190569 0.0162065
0 0.381548 0.94055 0.0199385 0.0260997
0 0.366051 0.639805 0.0143116 0.0137101
0 0.830434 0.614522 0.031842 0.0305216
0 0.389993 0.496856 0.01858 0.0194376
0 0.284883 0.985398 0.0291828 0.0270212
0 0.750791 0.991362 0.0153899 0.0147945
0 0.910938 0.358645 0.0198698 0.0260416
0 0.552115 0.466893 0.0141202 0.0221963
0 0.1665 0.34342 0.0248739 0.0220193
0 0.115022 0.107074 0.0115922 0.0184869
0 0.851459 0.329321 0.0243535 0.0140698
0 0.050894 0.127187 0.0125591 0.0196787
0 0.588847 0.80399 0.015334 0.011797
0 0.0274857 0.873676 0.0173261 0.0155303
0 0.19115 0.00432413 0.0216318 0.00838255
0 0.452515 0.0124083 0.014751 0.0196906
0 0.632257 0.39693 0.0144663 0.0183926
0 0.184099 0.861425 0.0153778 0.0232569
0 0.0364679 0.519468 0.0155217 0.0174633
0 0.757287 0.421081 0.0229774 0.018448
0 0.197653 0.658664 0.0180717 0.016356
0 0.0495879 0.0861015 0.012537 0.015398
0 0.176642 0.352083 0.0221514 0.0153148
0 0.781101 0.641004 0.0147379 0.0142123
0 0.416018 0.0540081 0.0115946 0.0155661
0 0.271639 0.526285 0.0130615 0.0111065
0 0.239005 0.342559 0.0128965 0.0158172
0 0.542976 0.387756 0.0102227 0.0170972
0 0.10722 0.627341 0.022032 0.027566
0 0.121886 0.292653 0.0185614 0.0247212
0 0.179768 0.263274 0.0121006 0.0187726
0 0.279272 0.879169 0.0172568 0.0227197
0 0.366504 0.992226 0.0137615 0.0148008
0 0.367829 0.753448 0.0128435 0.0128311
0 0.0701407 0.278033 0.0149977 0.023142
0 0.388534 0.226637 0.0167289 0.0147955
0 0.552181 0.558776 0.014025 0.018773
0 0.311372 0.00341044 0.0159861 0.00619371
0 0.353476 0.22091 0.0116791 0.0140891
0 0.0824256 0.290056 0.0196991 0.0210615
0 0.668143 0.198347 0.0142731 0.0188269
0 0.0606686 0.608216 0.0137975 0.0188434
0 0.988908 0.76736 0.0137498 0.0177637
0 0.702962 0.407305 0.0178697 0.0138564
0 0.361282 0.740008 0.02297 0.0236238
0 0.924805 0.278092 0.0182131 0.0224999
0 0.421333 0.416136 0.0117809 0.017619
0 0.423016 0.27984 0.0166788 0.0212458
0 0.845966 0.329743 0.0144488 0.0125324
0 0.904755 0.464183 0.0128807 0.0160402
0 0.902243 0.23715 0.0207944 0.0186912
0 0.746812 0.861014 0.0153693 0.0136353
0 0.77182 0.29193 0.0199241 0.0292038
0 0.191819 0.749939 0.0150867 0.0198616
0 0.797861 0.995888 0.0147073 0.00876391
0 0.00406042 0.182814 0.00929606 0.0137828
0 0.807219 0.4304 0.0130986 0.0137269
0 0.797431 0.996009 0.0146078 0.00857204
0 0.624747 0.970086 0.0167207 0.0208484
0 0.3795 0.813164 0.0116043 0.014178
0 0.181803 0.552964 0.0177452 0.0131439
0 0.988997 0.260632 0.0115067 0.017203
0 0.541202 0.269671 0.0164827 0.024798
0 0.4961 0.718776 0.0149139 0.0147585
0 0.729249 0.402283 0.0165113 0.0191832
0 0.135397 0.99131 0.0170739 0.0163887
0 0.970767 0.32679 0.0126693 0.0145471
0 0.355231 0.740312 0.0127718 0.0195202
0 0.805591 0.605595 0.0181615 0.020112
0 0.0356733 0.0199764 0.0129128 0.011173
0 0.534453 0.144329 0.0189512 0.0222995
0 0.437916 0.219471 0.0117217 0.0123333
0 0.262667 0.909658 0.0116593 0.0131531
0 0.959458 0.764143 0.0142011 0.0147018
0 0.381734 0.192993 0.0131602 0.0283464
0 0.596972 0.273098 0.0138272 0.0170423
0 0.275832 0.360291 0.0141696 0.0160896
0 0.27959 0.709865 0.013062 0.0154094
0 0.917321 0.553891 0.0174667 0.0245818
0 0.19128 0.528964 0.0147711 0.0139924
0 0.509864 0.747656 0.0179486 0.0147409
0 0.517017 0.0294806 0.0177414 0.0135168
0 0.465917 0.301751 0.0172481 0.0189422
0 0.314111 0.28888 0.0164814 0.0193872
0 0.76425 0.419903 0.0126589 0.0150208
0 0.32244 0.0253264 0.0129006 0.0114594
0 0.226197 0.446065 0.0128866 0.0113789
0 0.773035 0.601874 0.0122383 0.0139266
0 0.847613 0.84499 0.0166357 0.0158101
0 0.53973 0.277202 0.0118062 0.0129342
0 0.379954 0.94331 0.0162275 0.0208372
0 0.996085 0.225359 0.00818119 0.0229333
0 0.529032 0.44803 0.0120502 0.0108415
0 0.22188 0.146503 0.0145521 0.0167786
0 0.723578 0.421516 0.013157 0.017418
0 0.346598 0.235202 0.0129726 0.0178507
0 0.455145 0.284376 0.0171742 0.0234713
0 0.164029 0.339366 0.0189526 0.0166857
0 0.701519 0.511798 0.0113634 0.0112152
0 0.72511 0.658649 0.0115279 0.0153238
0 0.491099 0.283846 0.0172054 0.0171459
0 0.932752 0.956891 0.0134506 0.01771
