0 0.772366 0.685086 0.0231056 0.0175506
0 0.0218294 0.16378 0.0163753 0.0156418
0 0.984491 0.863748 0.0264475 0.0237272
0 0.911701 0.358595 0.0201948 0.0258163
0 0.659164 0.756187 0.0236774 0.0240455
0 0.36594 0.639197 0.015065 0.0149298
0 0.636445 0.814108 0.0167418 0.0169472
0 0.255764 0.517885 0.0232878 0.0191305
0 0.027395 0.438326 0.0124009 0.024032
0 0.284706 0.985476 0.0295222 0.0270107
0 0.382122 0.940297 0.0202727 0.0268006
0 0.336683 0.549109 0.0195355 0.0166436
0 0.0363988 0.519888 0.0161798 0.0181465
0 0.809574 0.389263 0.0111112 0.0224444
0 0.114945 0.106602 0.0111004 0.0181741
0 0.669734 0.198231 0.0152527 0.0219634
0 0.552082 0.467052 0.0138221 0.0222707
0 0.829484 0.615168 0.0295216 0.0284208
0 0.18451 0.860729 0.0163307 0.0254126
0 0.390494 0.497466 0.0176781 0.0185853
0 0.165348 0.339889 0.0209618 0.0187115
0 0.452508 0.0122367 0.0144739 0.0191246
0 0.645908 0.639578 0.0181667 0.0262455
0 0.051518 0.127185 0.0126458 0.0199305
0 0.191132 0.00404028 0.0216631 0.00778501
0 0.542783 0.387878 0.0105626 0.0177754
0 0.197486 0.658322 0.0183418 0.0168102
0 0.589578 0.804048 0.0152803 0.0117671
0 0.924707 0.278257 0.0190244 0.0229077
0 0.989035 0.766199 0.0154562 0.0203537
0 0.0493788 0.0857973 0.0132099 0.015054
0 0.355213 0.0948845 0.0118281 0.0242741
0 0.850934 0.329594 0.0232245 0.0127371
0 0.631892 0.396946 0.0158452 0.0185432
0 0.0273695 0.874028 0.0180611 0.018069
0 0.620227 0.545826 0.0157185 0.0205568
0 0.541104 0.269003 0.0162101 0.0239754
0 0.367393 0.753588 0.0133172 0.0119078
0 0.788266 0.635472 0.0113315 0.0209101
0 0.239078 0.342334 0.0129311 0.0151286
0 0.00430585 0.182699 0.0100971 0.0139331
0 0.624543 0.97061 0.0162998 0.0201864
0 0.417342 0.0538067 0.0122724 0.0169115
0 0.0701508 0.277657 0.0143748 0.0224152
0 0.272084 0.525393 0.0139519 0.0127891
0 0.107034 0.627668 0.0216143 0.0266145
0 0.0609927 0.608838 0.0138485 0.0186189
0 0.610284 0.624747 0.0125004 0.0211458
0 0.138123 0.983248 0.0148939 0.0231267
0 0.353468 0.220903 0.0113019 0.0139276
0 0.729181 0.404244 0.0158618 0.0226015
0 0.223461 0.110549 0.0118156 0.0223795
0 0.845181 0.329739 0.0127874 0.0114656
0 0.750795 0.991635 0.0145764 0.013584
0 0.312074 0.00363486 0.0164569 0.00681406
0 0.420924 0.416009 0.0122345 0.0176688
0 0.366972 0.992139 0.0128773 0.0144196
0 0.361197 0.740204 0.0224984 0.0252625
0 0.985683 0.261832 0.0152923 0.0188292
0 0.708615 0.416384 0.0134294 0.013467
0 0.535561 0.144644 0.018453 0.0217099
0 0.90256 0.237555 0.0205742 0.0176666
0 0.19181 0.750276 0.0153941 0.020474
0 0.435598 0.696654 0.012207 0.0127652
0 0.387756 0.226106 0.0162836 0.0140934
0 0.42332 0.279844 0.0167112 0.0217484
0 0.958334 0.764839 0.0164475 0.0156151
0 0.773119 0.288787 0.015213 0.0213732
0 0.379565 0.813353 0.0121144 0.0144612
0 0.182387 0.552628 0.0172838 0.0124741
0 0.880028 0.81193 0.0259878 0.0202749
0 0.970987 0.326457 0.0133165 0.0149896
0 0.0360321 0.0201048 0.0136171 0.011233
0 0.314147 0.288433 0.0167872 0.018315
0 0.772978 0.601791 0.0110369 0.0135807
0 0.185517 0.349232 0.0152935 0.0146353
0 0.121388 0.293524 0.0167736 0.0226939
0 0.746081 0.855893 0.0132823 0.0141304
0 0.0850844 0.288965 0.0174418 0.0193641
0 0.511281 0.0191627 0.0125568 0.0168013
0 0.280475 0.710401 0.014837 0.0163531
0 0.509484 0.747731 0.0170895 0.0151799
0 0.380259 0.943307 0.0160552 0.020853
0 0.0882626 0.285335 0.0142278 0.0166258
0 0.275578 0.359928 0.0142918 0.0159191
0 0.233065 0.741997 0.016192 0.0124484
0 0.795446 0.991784 0.0151298 0.0143614
0 0.191321 0.529175 0.0142514 0.0143355
0 0.0882578 0.677419 0.0206372 0.0244159
0 0.996738 0.224789 0.0066205 0.0229142
0 0.597517 0.273381 0.0140408 0.0176691
0 0.934758 0.957814 0.0136511 0.019003
0 0.438427 0.219788 0.0124358 0.0122391
0 0.744686 0.390529 0.0124598 0.0193673
0 0.175467 0.353446 0.0226852 0.0150639
0 0.848116 0.844162 0.0160439 0.0147183
0 0.22561 0.44551 0.0137112 0.011749
0 0.528696 0.448077 0.0112056 0.0114677
0 0.695411 0.70942 0.0149585 0.0149375
0 0.249759 0.473206 0.015432 0.0113334
0 0.721987 0.602041 0.010428 0.0168775
0 0.539823 0.276111 0.0119472 0.0131087
0 0.4901 0.28308 0.0161429 0.0163537
0 0.346734 0.235639 0.0125275 0.0174071
0 0.164401 0.337375 0.0176318 0.013961
0 0.455248 0.284187 0.0172334 0.0240981
0 0.613917 0.702548 0.0196177 0.0227489
0 0.119362 0.297758 0.0133417 0.0160108
0 0.165161 0.275121 0.00984117 0.0160941
0 0.402028 0.906461 0.0130403 0.0188375
0 0.623293 0.544619 0.0109515 0.0184277
0 0.0789548 0.294589 0.0161135 0.0148861
