0 0.77196 0.684821 0.0226049 0.0181329
0 0.256033 0.517582 0.0236397 0.0188241
0 0.0219699 0.163628 0.0166615 0.015699
0 0.911389 0.358548 0.0198661 0.0252727
0 0.636383 0.814257 0.0180278 0.0179851
0 0.98416 0.863888 0.0268208 0.025653
0 0.38168 0.940172 0.0202936 0.0274419
0 0.336238 0.549637 0.0196175 0.0168469
0 0.659036 0.756142 0.0242685 0.0248824
0 0.284647 0.985505 0.0303619 0.0270885
0 0.36575 0.639762 0.0144634 0.0124841
0 0.61631 0.547246 0.0172429 0.0188777
0 0.197586 0.659277 0.0198811 0.0184375
0 0.184093 0.861221 0.015094 0.0235108
0 0.0291213 0.436317 0.0106423 0.0210593
0 0.829132 0.615284 0.0313902 0.0293541
0 0.390044 0.496968 0.0185109 0.0187036
0 0.452137 0.0122875 0.0142658 0.0195257
0 0.11498 0.106916 0.0108348 0.018062
0 0.551771 0.467085 0.0143282 0.0223224
0 0.542887 0.387556 0.0112247 0.0174217
0 0.669159 0.197816 0.015494 0.0221328
0 0.648747 0.638822 0.0231923 0.025205
0 0.107398 0.627591 0.0211003 0.0264775
0 0.165851 0.341932 0.0228142 0.0210243
0 0.851696 0.32946 0.0250458 0.0133967
0 0.62444 0.970504 0.0154639 0.018828
0 0.0362548 0.519594 0.0150075 0.0169984
0 0.190944 0.00387648 0.0221238 0.00735217
0 0.631991 0.396413 0.0160036 0.019815
0 0.0494951 0.0861633 0.0129983 0.0154446
0 0.136488 0.985979 0.0166244 0.020762
0 0.174312 0.263955 0.0121286 0.0152132
0 0.988922 0.76649 0.0148224 0.0191036
0 0.588666 0.804079 0.0140509 0.011157
0 0.0275627 0.873907 0.0182013 0.0153484
0 0.360919 0.740232 0.0232513 0.0248123
0 0.367931 0.753245 0.0130759 0.0125549
0 0.809034 0.396178 0.0114223 0.0235584
0 0.366785 0.991938 0.0135102 0.0148331
0 0.178616 0.352154 0.0221501 0.0158657
0 0.691713 0.508763 0.0102262 0.0124992
0 0.191836 0.749833 0.0155184 0.020177
0 0.310924 0.00374347 0.0161473 0.00674837
0 0.746993 0.862114 0.0147053 0.0151362
0 0.0699401 0.277984 0.01391 0.0225242
0 0.75071 0.991527 0.0147704 0.0142486
0 0.239332 0.34235 0.0127438 0.0154521
0 0.353559 0.22097 0.0113297 0.0141266
0 0.416431 0.053436 0.0116398 0.0150331
0 0.388236 0.226551 0.0166969 0.0148892
0 0.122383 0.292443 0.0190275 0.0244528
0 0.924978 0.277966 0.0194491 0.0234947
0 0.272136 0.526029 0.0141637 0.0118055
0 0.0599654 0.607226 0.012491 0.0157986
0 0.541249 0.269171 0.0163229 0.0240765
0 0.608053 0.602117 0.0130578 0.0158662
0 0.00417988 0.182466 0.0097928 0.0137475
0 0.423069 0.27987 0.0167648 0.0218342
0 0.182207 0.552685 0.0173836 0.0136403
0 0.513783 0.0187544 0.0113865 0.0154468
0 0.083695 0.289248 0.0190517 0.0207074
0 0.795783 0.991269 0.0170207 0.015739
0 0.494817 0.71868 0.0187816 0.0171455
0 0.420811 0.416057 0.0113206 0.0168481
0 0.707672 0.409831 0.0158133 0.0147722
0 0.379334 0.813098 0.0117149 0.0141252
0 0.535356 0.144954 0.0193746 0.0219993
0 0.988257 0.26111 0.014387 0.018443
0 0.728394 0.402871 0.0163863 0.0199625
0 0.958812 0.764843 0.0148008 0.0150368
0 0.191416 0.529113 0.0146997 0.0146215
0 0.314159 0.28868 0.0170059 0.0190157
0 0.270121 0.903015 0.0142924 0.0130372
0 0.805895 0.605866 0.0185414 0.0203398
0 0.695391 0.707778 0.0168238 0.0155301
0 0.847702 0.844488 0.0169114 0.0157471
0 0.221473 0.129463 0.0148388 0.0170216
0 0.234565 0.74082 0.0162106 0.0126622
0 0.381296 0.192067 0.0128458 0.0260046
0 0.279972 0.709859 0.0139194 0.0157783
0 0.226065 0.446017 0.0149029 0.0125393
0 0.78602 0.646023 0.0135153 0.0123993
0 0.613712 0.701496 0.0203327 0.0237544
0 0.0358266 0.0194084 0.0124007 0.0102238
0 0.510114 0.747517 0.0182361 0.0150759
0 0.771948 0.290849 0.0195539 0.0283296
0 0.437961 0.219686 0.0120201 0.0120365
0 0.276017 0.359815 0.0144516 0.0160316
0 0.971268 0.326631 0.0124544 0.0146602
0 0.380059 0.943342 0.0164157 0.0211868
0 0.996416 0.225317 0.00722313 0.0234803
0 0.539826 0.276367 0.0121296 0.0130333
0 0.529001 0.448349 0.0121266 0.0107312
0 0.597284 0.273904 0.0142303 0.0181678
0 0.858368 0.164552 0.0216339 0.0208287
0 0.346718 0.235141 0.0126755 0.0174749
0 0.773057 0.60182 0.0123396 0.0136842
0 0.722964 0.421852 0.0131527 0.0167186
0 0.455131 0.28406 0.0164273 0.023111
0 0.465954 0.30176 0.0175847 0.0188242
0 0.164722 0.338362 0.0189762 0.0161926
0 0.280596 0.875608 0.0155581 0.0181346
