0 0.77222 0.684882 0.0227845 0.0182877
0 0.983946 0.863814 0.0271915 0.0253534
0 0.255841 0.517762 0.0235486 0.0187384
0 0.0217842 0.163992 0.0158005 0.0156104
0 0.636499 0.814183 0.0172822 0.0169463
0 0.91108 0.358223 0.0197169 0.025376
0 0.336086 0.549649 0.020066 0.0172521
0 0.615574 0.54658 0.0163794 0.0198102
0 0.0279388 0.437614 0.0108424 0.0227584
0 0.36575 0.639561 0.0145668 0.0136702
0 0.381658 0.940495 0.0198582 0.0269552
0 0.285118 0.985445 0.0286011 0.0267878
0 0.82905 0.615363 0.0290721 0.0283551
0 0.11473 0.106967 0.0120077 0.019088
0 0.389659 0.497133 0.018561 0.0188896
0 0.197708 0.658595 0.0194037 0.0170025
0 0.0512818 0.127494 0.0128215 0.0202368
0 0.452069 0.0128433 0.013891 0.0198555
0 0.851861 0.329343 0.0248554 0.0137774
0 0.165353 0.342487 0.0227558 0.0209492
0 0.0358474 0.520422 0.0147471 0.0158936
0 0.588818 0.804575 0.0151801 0.0115134
0 0.648553 0.637871 0.0229632 0.0244262
0 0.0271349 0.873879 0.017723 0.0160253
0 0.177791 0.351973 0.023027 0.015969
0 0.191365 0.00407834 0.0213737 0.00793456
0 0.551657 0.467321 0.0147347 0.0222303
0 0.184768 0.86104 0.0163875 0.0242609
0 0.750626 0.991545 0.015432 0.0149454
0 0.631976 0.397116 0.0150994 0.0183598
0 0.788051 0.642725 0.0162815 0.0115551
0 0.988544 0.766807 0.014818 0.0192114
0 0.361025 0.740411 0.0233999 0.0251948
0 0.10738 0.627539 0.0210817 0.0262227
0 0.659029 0.75625 0.0247599 0.0249465
0 0.542993 0.3879 0.0105854 0.0169125
0 0.238916 0.342324 0.0127142 0.015847
0 0.609321 0.602825 0.0140721 0.0170823
0 0.416184 0.0536135 0.011637 0.0157422
0 0.624463 0.970877 0.0159766 0.0196465
0 0.368008 0.75325 0.0128223 0.0133542
0 0.280065 0.87879 0.0180528 0.0238689
0 0.0495173 0.086147 0.0130288 0.0152566
0 0.070221 0.278137 0.0146079 0.0237437
0 0.0604991 0.607327 0.0133882 0.0163962
0 0.717692 0.63983 0.0132554 0.0229329
0 0.122007 0.292416 0.0184572 0.0253125
0 0.136566 0.9867 0.0168782 0.0198612
0 0.311045 0.00365198 0.0168347 0.00707436
0 0.35342 0.220757 0.011295 0.0140819
0 0.669365 0.198795 0.0158347 0.0217496
0 0.708785 0.40963 0.0157084 0.0185869
0 0.172158 0.263512 0.0131457 0.016332
0 0.924764 0.278214 0.0192085 0.0232494
0 0.191747 0.750254 0.0150071 0.0199375
0 0.54122 0.269743 0.0164565 0.0244116
0 0.808645 0.39655 0.0110329 0.0238404
0 0.366199 0.992102 0.0140541 0.0147135
0 0.271962 0.526103 0.0134941 0.01156
0 0.269456 0.908014 0.0134024 0.0129868
0 0.421225 0.416105 0.0122875 0.0175734
0 0.755514 0.407455 0.0120968 0.0152023
0 0.224892 0.127874 0.0152854 0.0199334
0 0.388065 0.226161 0.0160608 0.0142945
0 0.423029 0.279779 0.0171084 0.0225172
0 0.728915 0.401987 0.0154162 0.0183295
0 0.535377 0.144749 0.0201541 0.0237948
0 0.513954 0.0201818 0.011565 0.0162581
0 0.083542 0.289393 0.0194448 0.0204942
0 0.879341 0.811711 0.0250386 0.0192674
0 0.508758 0.815182 0.0146241 0.016261
0 0.597125 0.273696 0.0150515 0.0197662
0 0.182221 0.552989 0.017161 0.0124061
0 0.958469 0.765593 0.0157406 0.0163692
0 0.793615 0.993116 0.013765 0.0127951
0 0.805199 0.606309 0.018295 0.0201094
0 0.31388 0.288601 0.0166926 0.0198821
0 0.03584 0.0196429 0.0123278 0.0102901
0 0.847475 0.844273 0.0184116 0.0163276
0 0.381066 0.192767 0.0135646 0.0278005
0 0.00409915 0.182831 0.00950138 0.0147142
0 0.379384 0.813061 0.011205 0.0142168
0 0.720945 0.335424 0.0212935 0.0276846
0 0.321679 0.02466 0.0131338 0.0127735
0 0.746835 0.861254 0.014298 0.0145428
0 0.696556 0.706571 0.0155835 0.0157623
0 0.971177 0.326967 0.0125731 0.0149167
0 0.693074 0.502716 0.0117388 0.0124832
0 0.987785 0.260823 0.0121582 0.0181736
0 0.46574 0.301737 0.0179277 0.0192021
0 0.275943 0.360017 0.01386 0.016279
0 0.191522 0.528916 0.0152177 0.0142872
0 0.226226 0.446069 0.0145242 0.0126626
0 0.705145 0.994956 0.026536 0.0100774
0 0.233762 0.740701 0.0143661 0.0115865
0 0.380098 0.943538 0.0162121 0.0211459
0 0.454943 0.284124 0.01681 0.0237193
0 0.858204 0.164775 0.0215377 0.0209869
0 0.529128 0.44839 0.0125885 0.0111449
0 0.773199 0.601814 0.0116604 0.0130218
0 0.346819 0.235035 0.0128791 0.018155
0 0.724061 0.422301 0.012681 0.01789
0 0.539844 0.276581 0.0119835 0.0138901
0 0.448912 0.704499 0.0107347 0.0125318
0 0.451524 0.173087 0.0129441 0.0163839
0 0.164239 0.338829 0.0186411 0.0161203
0 0.996369 0.226025 0.00786705 0.0236543
0 0.437383 0.220066 0.012144 0.0110667
0 0.27995 0.710299 0.0141569 0.0163567
