0 0.772148 0.684902 0.022718 0.0182593
0 0.911549 0.358522 0.0202251 0.0258566
0 0.984163 0.864222 0.0267554 0.0252378
0 0.021903 0.164084 0.0167569 0.0156139
0 0.645236 0.637367 0.0185424 0.028118
0 0.255358 0.517637 0.0237515 0.018623
0 0.0272976 0.43854 0.012226 0.0238968
0 0.636489 0.814023 0.0180927 0.0177315
0 0.365725 0.639273 0.0145996 0.0138472
0 0.39005 0.496188 0.0193673 0.0199811
0 0.381795 0.940214 0.0199935 0.0264702
0 0.336539 0.548925 0.0192705 0.0172391
0 0.658707 0.756139 0.0226631 0.0240703
0 0.284786 0.985272 0.0297581 0.0274272
0 0.80971 0.386981 0.0120857 0.0239629
0 0.451899 0.0126042 0.0137554 0.0186748
0 0.551936 0.4673 0.0149277 0.0220515
0 0.115127 0.106838 0.0109036 0.017226
0 0.829 0.615072 0.0287721 0.02765
0 0.165555 0.340203 0.0207477 0.0190096
0 0.184965 0.860715 0.0166422 0.0262423
0 0.589475 0.803926 0.0158094 0.0112679
0 0.632144 0.397146 0.0160333 0.018706
0 0.191233 0.00404796 0.0209921 0.0077082
0 0.668915 0.19787 0.0151809 0.0207751
0 0.0514701 0.12699 0.0125079 0.0197726
0 0.611737 0.625022 0.0121263 0.0211642
0 0.13708 0.984388 0.0180645 0.0234084
0 0.542579 0.387311 0.0106939 0.0162749
0 0.788995 0.634697 0.0109631 0.0236546
0 0.541002 0.268967 0.0160699 0.0239676
0 0.0360514 0.520107 0.0145363 0.0162704
0 0.360733 0.74009 0.0231759 0.0246145
0 0.0492087 0.085763 0.0131689 0.0149357
0 0.367469 0.753889 0.0134907 0.0125982
0 0.851605 0.329276 0.0245476 0.0131829
0 0.624736 0.970791 0.0164819 0.0196565
0 0.417658 0.0543395 0.0118556 0.0176161
0 0.924461 0.27854 0.019413 0.0234528
0 0.197817 0.65834 0.018157 0.0158492
0 0.510929 0.0160143 0.0112267 0.0223284
0 0.356683 0.0950132 0.0117998 0.0230189
0 0.272169 0.525762 0.0141041 0.0121536
0 0.197424 0.658432 0.0182188 0.0157086
0 0.191669 0.750139 0.0151747 0.0198287
0 0.0605893 0.608424 0.0130196 0.0169364
0 0.367004 0.99206 0.013315 0.0144119
0 0.239351 0.342687 0.0118922 0.0139378
0 0.620803 0.546183 0.0158413 0.0199984
0 0.905164 0.464483 0.0125458 0.0154734
0 0.070013 0.277579 0.014021 0.0219433
0 0.311307 0.00349946 0.0155139 0.00634425
0 0.35337 0.22068 0.0113965 0.0141074
0 0.275716 0.359943 0.014913 0.0165967
0 0.00448836 0.182476 0.0102668 0.0139782
0 0.845491 0.329779 0.013334 0.0117572
0 0.985969 0.262143 0.0155069 0.0189263
0 0.0273139 0.874011 0.0169068 0.0170968
0 0.226357 0.104293 0.00992894 0.0191044
0 0.989281 0.766823 0.0132173 0.0183713
0 0.729459 0.403746 0.0167507 0.0216878
0 0.420691 0.416062 0.0116923 0.0169904
0 0.750438 0.992028 0.0140145 0.0133586
0 0.534945 0.144557 0.0170383 0.0207796
0 0.620871 0.546483 0.0168417 0.0204659
0 0.182239 0.55222 0.0166179 0.0123127
0 0.10693 0.62758 0.0212604 0.0257452
0 0.388038 0.226186 0.0161934 0.0139761
0 0.773128 0.289257 0.0164976 0.023849
0 0.313988 0.288725 0.0166132 0.0188736
0 0.879191 0.812602 0.0266437 0.0215555
0 0.746121 0.855308 0.0137843 0.0153651
0 0.0789119 0.293776 0.0167898 0.0162616
0 0.706644 0.415744 0.0148419 0.013677
0 0.772743 0.601532 0.0113657 0.013059
0 0.0843151 0.289517 0.0176983 0.0197072
0 0.847555 0.844007 0.0175837 0.0156367
0 0.597281 0.273434 0.0140845 0.0180125
0 0.379653 0.812979 0.0122138 0.0145435
0 0.438119 0.219417 0.011606 0.0121779
0 0.120665 0.294287 0.0163144 0.0210357
0 0.509519 0.747686 0.0163 0.0149268
0 0.232198 0.741159 0.0177293 0.0120443
0 0.0358566 0.0199184 0.0122793 0.0108735
0 0.971017 0.326292 0.0131219 0.0152916
0 0.0882492 0.285428 0.0139957 0.0171089
0 0.796252 0.991528 0.0176313 0.0160807
0 0.191489 0.529558 0.0137908 0.0145693
0 0.380057 0.943093 0.0161462 0.0208508
0 0.423267 0.279835 0.0167115 0.0216359
0 0.958728 0.764908 0.0151727 0.0150782
0 0.280604 0.710476 0.0141245 0.0163038
0 0.723821 0.420751 0.0150164 0.0176983
0 0.187782 0.347707 0.0116615 0.0126185
0 0.9968 0.225344 0.00646591 0.0224559
0 0.744978 0.391391 0.0129264 0.0200148
0 0.54005 0.276073 0.0122019 0.0133478
0 0.382027 0.193237 0.0125018 0.0282685
0 0.69543 0.709405 0.0153017 0.0144727
0 0.451824 0.173126 0.0128019 0.0159768
0 0.250013 0.472984 0.0150942 0.0113724
0 0.528522 0.448373 0.0112504 0.0108312
0 0.281119 0.877076 0.0146536 0.0205294
0 0.490116 0.282759 0.018048 0.0168146
0 0.161905 0.274495 0.0120934 0.0129124
0 0.402147 0.906479 0.0126121 0.0187942
0 0.346641 0.235438 0.0128983 0.0177427
0 0.46702 0.301165 0.0176373 0.0196541
0 0.281171 0.899378 0.0135012 0.0140338
0 0.623968 0.545251 0.0113342 0.0185336
0 0.675265 0.504497 0.0118245 0.012303
0 0.997563 0.710088 0.00491743 0.0269686
0 0.455333 0.284354 0.0170826 0.0237371
