0 0.772214 0.68489 0.0218606 0.0182748
0 0.983959 0.864126 0.026438 0.0250777
0 0.648025 0.638068 0.0211572 0.0246121
0 0.0218608 0.163802 0.0160613 0.0157394
0 0.91109 0.359106 0.0207129 0.0272369
0 0.636396 0.813908 0.0171248 0.0170063
0 0.335872 0.549035 0.0193076 0.0169578
0 0.365539 0.6398 0.0145515 0.0136186
0 0.255128 0.517619 0.0221659 0.0185099
0 0.285055 0.985399 0.029126 0.0269346
0 0.668746 0.197262 0.0160102 0.0209942
0 0.0278198 0.437304 0.0106529 0.0233236
0 0.829499 0.615164 0.0306837 0.0290797
0 0.381816 0.940288 0.019771 0.0259944
0 0.659167 0.756024 0.0237094 0.023716
0 0.390185 0.4967 0.0183593 0.0190784
0 0.0492469 0.085845 0.0130367 0.0153252
0 0.452195 0.0123658 0.0145409 0.0199161
0 0.114907 0.106605 0.0110153 0.0171019
0 0.165891 0.341396 0.0222885 0.0201973
0 0.190865 0.00407872 0.0207804 0.00788615
0 0.543292 0.386929 0.0112858 0.0191363
0 0.107251 0.627285 0.0217316 0.0268011
0 0.0508999 0.126784 0.0123261 0.0198092
0 0.0275073 0.874538 0.0177295 0.017213
0 0.23905 0.34225 0.0132955 0.0158023
0 0.551904 0.467295 0.0134315 0.0220065
0 0.58854 0.804091 0.0154565 0.0115652
0 0.0359903 0.520137 0.014833 0.0164682
0 0.809495 0.394191 0.0117922 0.0248969
0 0.632163 0.396674 0.0158169 0.0194253
0 0.989197 0.766311 0.0151525 0.0195097
0 0.613142 0.612845 0.00920758 0.0198334
0 0.184365 0.86105 0.0152836 0.0235221
0 0.368147 0.753387 0.0124223 0.0122693
0 0.169727 0.264943 0.0177869 0.0137096
0 0.851233 0.329358 0.0233148 0.012983
0 0.197762 0.658729 0.0188859 0.0169613
0 0.197955 0.658655 0.0187353 0.0169204
0 0.136524 0.986086 0.0159645 0.0203133
0 0.272238 0.525961 0.0133483 0.0113788
0 0.00418242 0.182918 0.00955296 0.0149412
0 0.353599 0.220681 0.0116331 0.0138622
0 0.0700738 0.277706 0.0145541 0.0223882
0 0.181401 0.351051 0.0195945 0.0162724
0 0.925026 0.278227 0.0186781 0.0221906
0 0.257388 0.469259 0.0170783 0.0140874
0 0.513774 0.018441 0.0117474 0.016357
0 0.540917 0.269105 0.0163431 0.0243407
0 0.366815 0.992355 0.0138161 0.0143634
0 0.845365 0.329558 0.0129827 0.0118932
0 0.747155 0.861129 0.0163125 0.0160766
0 0.311712 0.00334973 0.016972 0.0061332
0 0.360768 0.739765 0.0223314 0.0240119
0 0.535082 0.144641 0.0193261 0.0216084
0 0.958912 0.764111 0.0165531 0.0161287
0 0.420942 0.416366 0.0119867 0.0174198
0 0.986882 0.261218 0.0135762 0.0180956
0 0.059979 0.607035 0.0125089 0.0152476
0 0.0841829 0.289098 0.0180662 0.0200805
0 0.620925 0.544499 0.0139703 0.0199786
0 0.750559 0.991842 0.0147123 0.0136548
0 0.275668 0.359671 0.0146461 0.0161078
0 0.388042 0.225925 0.0167 0.0139651
0 0.624101 0.970536 0.0154694 0.0192353
0 0.182091 0.552282 0.0170512 0.0125421
0 0.280961 0.879065 0.0173284 0.023355
0 0.806015 0.605616 0.0178823 0.0195096
0 0.0356966 0.0198276 0.012244 0.0106721
0 0.416784 0.0540911 0.0116889 0.015778
0 0.379378 0.813066 0.0120661 0.0144904
0 0.696623 0.707289 0.0149392 0.0148537
0 0.857537 0.164227 0.0224029 0.0209679
0 0.314079 0.28814 0.0171731 0.0191126
0 0.191736 0.749993 0.0155817 0.0201298
0 0.49539 0.718769 0.0166059 0.0158675
0 0.271531 0.900163 0.0125619 0.0134997
0 0.707982 0.41498 0.0134888 0.0136061
0 0.191881 0.528926 0.0149334 0.0145568
0 0.597216 0.273351 0.0140994 0.0176316
0 0.0788799 0.293197 0.0171644 0.0165871
0 0.122024 0.29269 0.0192253 0.0246077
0 0.321866 0.025245 0.0118608 0.010899
0 0.729214 0.401505 0.0154736 0.0171145
0 0.280169 0.709853 0.0135927 0.0153689
0 0.971154 0.326505 0.0125666 0.0146585
0 0.380122 0.943257 0.015864 0.0203357
0 0.423097 0.279816 0.0170763 0.0221381
0 0.509688 0.747549 0.0172052 0.0150896
0 0.795565 0.991672 0.0153007 0.014841
0 0.786811 0.646042 0.0127471 0.0116019
0 0.437827 0.2197 0.0117028 0.0128638
0 0.3813 0.191505 0.0123047 0.0247066
0 0.233846 0.741237 0.0150743 0.0117276
0 0.795814 0.991716 0.0161192 0.0160815
0 0.773107 0.60165 0.011561 0.0126836
0 0.225608 0.445776 0.0144749 0.0116426
0 0.539978 0.276185 0.0120666 0.0134985
0 0.727188 0.627125 0.0126893 0.0161291
0 0.611974 0.550332 0.00991907 0.0139458
0 0.847385 0.844212 0.0166236 0.0157638
0 0.52825 0.448313 0.0112351 0.0103202
0 0.683463 0.508389 0.0118882 0.0121989
0 0.164909 0.338132 0.0184222 0.0158061
0 0.996529 0.225944 0.00707846 0.0227427
0 0.49104 0.282999 0.01559 0.0157502
0 0.455088 0.284106 0.0170818 0.0237042
0 0.346702 0.235312 0.0129496 0.0176466
0 0.18497 0.348883 0.0151888 0.0143837
0 0.231303 0.122635 0.0140202 0.0140495
0 0.401495 0.905244 0.013442 0.0190818
0 0.747843 0.396907 0.0126565 0.0135055
