0 0.772083 0.685314 0.0218751 0.0173922
0 0.648784 0.640463 0.0229044 0.0243092
0 0.614514 0.547014 0.015099 0.0189404
0 0.983986 0.864048 0.0270636 0.0253725
0 0.255799 0.51768 0.0235301 0.0184586
0 0.365951 0.639423 0.0144184 0.0138539
0 0.0219772 0.163869 0.0169835 0.0169941
0 0.659336 0.756108 0.0252282 0.0249099
0 0.335889 0.549235 0.0199797 0.0174732
0 0.381257 0.939684 0.0204592 0.0272235
0 0.910679 0.358179 0.0198863 0.0253739
0 0.636126 0.814075 0.0174618 0.0173585
0 0.284541 0.985619 0.0294203 0.026473
0 0.0274698 0.873171 0.019482 0.0161034
0 0.0291809 0.438139 0.0102626 0.0232505
0 0.166648 0.343627 0.0251409 0.0223333
0 0.588927 0.803899 0.0153983 0.0116426
0 0.190934 0.00429253 0.0212882 0.00819091
0 0.829225 0.614893 0.0305367 0.0294763
0 0.452048 0.012352 0.01455 0.0196652
0 0.750649 0.991644 0.0157331 0.014567
0 0.632248 0.396643 0.0149169 0.018097
0 0.389901 0.497192 0.0183368 0.0188743
0 0.851174 0.329006 0.0237687 0.0139685
0 0.0494364 0.0863981 0.0130416 0.0152094
0 0.0360681 0.520192 0.0141851 0.0157237
0 0.175943 0.352186 0.0218229 0.0160089
0 0.552072 0.558467 0.0142813 0.0187272
0 0.18465 0.860731 0.0162146 0.0251634
0 0.197573 0.6588 0.0188864 0.0166454
0 0.115173 0.106723 0.0112465 0.0176837
0 0.551641 0.466962 0.0140394 0.0218403
0 0.712124 0.508658 0.0147291 0.017884
0 0.271436 0.526046 0.0130339 0.0115206
0 0.279133 0.878195 0.0158711 0.0207856
0 0.0510654 0.127217 0.011946 0.0199605
0 0.542966 0.387781 0.0103689 0.0165598
0 0.366838 0.992786 0.0129826 0.0138279
0 0.368396 0.753124 0.0123737 0.0121802
0 0.616027 0.590241 0.0107547 0.0185258
0 0.191685 0.74986 0.0153786 0.0199468
0 0.624539 0.970575 0.0151648 0.0195801
0 0.0829142 0.289538 0.0193186 0.02095
0 0.107082 0.627521 0.0226075 0.0276068
0 0.312168 0.0037465 0.0155874 0.0075472
0 0.988716 0.767345 0.0133965 0.0167879
0 0.705475 0.407726 0.0142086 0.0125037
0 0.541167 0.269643 0.0171926 0.0251166
0 0.0697003 0.278259 0.0144315 0.022994
0 0.597044 0.27311 0.0149111 0.0196006
0 0.353479 0.220851 0.011327 0.0142533
0 0.924796 0.278372 0.0182376 0.0226108
0 0.90135 0.237892 0.0208668 0.0194546
0 0.41583 0.054171 0.0111317 0.0148045
0 0.239065 0.342584 0.0124529 0.0159364
0 0.379435 0.813102 0.0118829 0.0153953
0 0.845984 0.329496 0.0141805 0.0125936
0 0.0602266 0.607539 0.0131617 0.0164142
0 0.361171 0.74027 0.022628 0.0243549
0 0.422869 0.279778 0.0164706 0.0218725
0 0.798387 0.995956 0.0136037 0.00821972
0 0.535917 0.144687 0.0202583 0.0236161
0 0.688536 0.405825 0.0122089 0.0112891
0 0.1825 0.552835 0.0180996 0.0127566
0 0.0355954 0.0198694 0.0121726 0.0102184
0 0.728694 0.402197 0.0168346 0.0192763
0 0.235932 0.739365 0.0141396 0.0111681
0 0.00431944 0.182518 0.0098956 0.0155114
0 0.98903 0.260148 0.0112044 0.0166517
0 0.344257 0.0647522 0.0114948 0.0175329
0 0.42102 0.416487 0.0119023 0.0183001
0 0.387785 0.225769 0.0164566 0.0131646
0 0.746588 0.861188 0.0161946 0.0136911
0 0.778074 0.65495 0.013341 0.0110042
0 0.275963 0.360224 0.0139278 0.0157794
0 0.321821 0.0250027 0.0129769 0.0117717
0 0.314068 0.288815 0.0171596 0.0196446
0 0.465783 0.301376 0.0172722 0.0192959
0 0.279399 0.710034 0.0125045 0.0148108
0 0.191329 0.529137 0.0146302 0.0142028
0 0.355116 0.740915 0.0127571 0.0197152
0 0.771907 0.290374 0.0194323 0.0270585
0 0.805196 0.605936 0.018259 0.0206386
0 0.879204 0.811797 0.0226788 0.0186902
0 0.437611 0.21964 0.0114034 0.0128039
0 0.808081 0.405978 0.0114109 0.026971
0 0.669938 0.198606 0.0146574 0.0171707
0 0.178418 0.250431 0.0133551 0.0151075
0 0.970801 0.326864 0.0120293 0.0150712
0 0.25387 0.902539 0.0148003 0.0169429
0 0.959301 0.764874 0.0139075 0.014526
0 0.12198 0.292207 0.019392 0.0259798
0 0.455179 0.284244 0.0169293 0.023945
0 0.798219 0.996196 0.0132512 0.00806379
0 0.727879 0.670109 0.010259 0.013623
0 0.695034 0.707573 0.0153041 0.014107
0 0.131876 0.991301 0.0154429 0.0165696
0 0.847376 0.84488 0.0164094 0.0150504
0 0.495196 0.718679 0.017571 0.0171127
0 0.773415 0.602042 0.0113199 0.0133119
0 0.516334 0.0260743 0.0193567 0.0115826
0 0.996036 0.225827 0.00832329 0.0223905
0 0.379123 0.942866 0.0160861 0.0211368
0 0.766111 0.427382 0.0147589 0.0155361
0 0.225664 0.446238 0.0143021 0.0118033
0 0.509824 0.747492 0.0184475 0.0145849
0 0.539709 0.276886 0.0122435 0.0137505
0 0.623762 0.327659 0.0200853 0.0224168
0 0.451663 0.173129 0.0121235 0.0154512
0 0.931799 0.956396 0.0138887 0.0197383
0 0.723631 0.421893 0.0131396 0.0179905
0 0.163839 0.33981 0.0188923 0.0170361
0 0.528562 0.44809 0.0120644 0.0106078
0 0.346351 0.235526 0.0129195 0.0178859
0 0.401509 0.906192 0.0128856 0.0173042
