0 0.256254 0.51744 0.0238536 0.01861
0 0.614885 0.546542 0.0142511 0.0190879
0 0.771786 0.685228 0.021729 0.0174682
0 0.0215714 0.164009 0.0160509 0.0162169
0 0.284872 0.985594 0.028783 0.0267508
0 0.910778 0.358198 0.0195299 0.0251275
0 0.984551 0.864237 0.0263353 0.0241929
0 0.335243 0.548692 0.018612 0.016827
0 0.636129 0.814129 0.0171155 0.0163331
0 0.0281345 0.438875 0.0111797 0.0252721
0 0.365806 0.639742 0.0139036 0.0130179
0 0.6593 0.756105 0.0243861 0.0244064
0 0.381328 0.940927 0.0194391 0.0255274
0 0.452327 0.0123385 0.0141854 0.0193075
0 0.167488 0.343673 0.0259521 0.0230808
0 0.828902 0.615457 0.0288225 0.0289865
0 0.390015 0.496909 0.0183297 0.0189921
0 0.667749 0.197433 0.0146951 0.0173628
0 0.0274445 0.87352 0.0174563 0.0155151
0 0.114996 0.106866 0.0111073 0.018456
0 0.632115 0.396922 0.0142269 0.0179021
0 0.191623 0.00407353 0.0202563 0.00785882
0 0.0498619 0.0864195 0.0134491 0.0153547
0 0.750802 0.991618 0.0154845 0.0147907
0 0.589043 0.804046 0.0159325 0.0114366
0 0.552008 0.467391 0.013518 0.0220068
0 0.107217 0.627455 0.0217173 0.0273193
0 0.184489 0.861239 0.0157126 0.0242635
0 0.0362517 0.520549 0.0148748 0.0154858
0 0.176392 0.258294 0.0119469 0.0184755
0 0.311545 0.0035401 0.0165253 0.00660603
0 0.850441 0.329318 0.0227824 0.013834
0 0.176377 0.3523 0.0222397 0.0153779
0 0.542897 0.387443 0.010427 0.0172154
0 0.366669 0.992895 0.0131426 0.0138248
0 0.271452 0.525939 0.0124408 0.0112853
0 0.368188 0.753117 0.0128606 0.0122707
0 0.19788 0.658475 0.0182146 0.0162826
0 0.61495 0.589791 0.00980568 0.0163972
0 0.711427 0.510184 0.0139258 0.0169878
0 0.924572 0.278189 0.0190264 0.023079
0 0.415606 0.0541801 0.0112081 0.0145508
0 0.361285 0.739765 0.022311 0.0233363
0 0.238941 0.342752 0.0132726 0.0168483
0 0.197623 0.658338 0.0180451 0.0159799
0 0.06993 0.27793 0.0147616 0.0230402
0 0.230204 0.141673 0.0107987 0.0200669
0 0.845826 0.32979 0.0141419 0.0123864
0 0.77164 0.291501 0.0201206 0.0298077
0 0.134982 0.990861 0.0172765 0.0173661
0 0.0823724 0.290387 0.019815 0.0208101
0 0.988726 0.767068 0.0128555 0.0167661
0 0.552119 0.558568 0.0138323 0.0185035
0 0.353537 0.220864 0.0111592 0.013889
0 0.798977 0.995996 0.0144536 0.00806499
0 0.387867 0.226065 0.0151445 0.0130558
0 0.422879 0.279932 0.0161504 0.0214133
0 0.437672 0.21903 0.0104436 0.0122164
0 0.279044 0.879285 0.0163661 0.0217817
0 0.182508 0.553019 0.0190971 0.0133337
0 0.694801 0.403994 0.0123955 0.0107454
0 0.541536 0.269686 0.0162033 0.0243251
0 0.122317 0.292664 0.0192622 0.024394
0 0.516962 0.0293094 0.0175742 0.0134901
0 0.0356514 0.019942 0.0125101 0.0104624
0 0.0604879 0.607851 0.0127351 0.017511
0 0.379412 0.813161 0.0118275 0.0149704
0 0.534685 0.144348 0.0194875 0.0219269
0 0.624287 0.970821 0.0153959 0.0197868
0 0.904705 0.463845 0.012501 0.01577
0 0.275855 0.360273 0.0139331 0.0160235
0 0.496253 0.718979 0.0148198 0.0143353
0 0.322235 0.025709 0.0129191 0.010941
0 0.758818 0.421026 0.0187344 0.0208431
0 0.235289 0.739287 0.0140353 0.0110677
0 0.191793 0.750081 0.0155134 0.0193973
0 0.597158 0.273267 0.0143088 0.0176594
0 0.705937 0.406843 0.0153444 0.0121543
0 0.747043 0.861143 0.0148651 0.0149723
0 0.728918 0.40221 0.0167169 0.0190013
0 0.42108 0.416487 0.0113362 0.0170249
0 0.313988 0.288753 0.0166405 0.0191575
0 0.988811 0.260889 0.0112614 0.0166219
0 0.959089 0.764731 0.0154587 0.0156558
0 0.0041075 0.182798 0.00955799 0.0147247
0 0.806907 0.429802 0.0133088 0.0140173
0 0.355492 0.740415 0.0126371 0.0196073
0 0.774616 0.647587 0.0109821 0.0256573
0 0.804847 0.605801 0.0179824 0.0189787
0 0.381675 0.192609 0.0125907 0.0273594
0 0.279125 0.709952 0.0125365 0.0145719
0 0.808203 0.405155 0.0117079 0.0258559
0 0.191444 0.529467 0.0152392 0.0145197
0 0.259052 0.906812 0.012692 0.0129099
0 0.996395 0.224898 0.00731859 0.0213303
0 0.226045 0.44641 0.0132107 0.0115261
0 0.379755 0.943588 0.0157924 0.020342
0 0.763933 0.420149 0.0112839 0.0193207
0 0.970963 0.327171 0.0116059 0.0146679
0 0.773213 0.60173 0.0114069 0.0144593
0 0.46577 0.301794 0.0173276 0.0188234
0 0.72382 0.421837 0.0119521 0.0176349
0 0.53984 0.27704 0.0115679 0.0127664
0 0.52891 0.448929 0.0113653 0.0102146
0 0.454926 0.284173 0.0166923 0.0235239
0 0.45188 0.172892 0.0116014 0.0153297
0 0.613825 0.701454 0.0196488 0.0230919
0 0.34632 0.235429 0.0122833 0.0175625
0 0.164136 0.339283 0.0184836 0.0167198
0 0.401389 0.905899 0.0120162 0.0171154
