0 0.772343 0.685195 0.023596 0.0182636
0 0.984436 0.863634 0.0272213 0.025792
0 0.021785 0.163803 0.0160233 0.0157902
0 0.911666 0.358397 0.01981 0.0251673
0 0.65948 0.756192 0.0256022 0.0252327
0 0.616976 0.546639 0.0171785 0.0207825
0 0.382436 0.939322 0.0206416 0.0270396
0 0.636509 0.814534 0.017895 0.0188208
0 0.255149 0.517591 0.0226648 0.0188177
0 0.115046 0.106884 0.0110138 0.0178889
0 0.365677 0.639543 0.0142346 0.013271
0 0.335896 0.549175 0.0185617 0.016544
0 0.284263 0.985546 0.0297068 0.0266612
0 0.647064 0.637248 0.020236 0.0253854
0 0.027524 0.438104 0.0104683 0.0233728
0 0.809396 0.389531 0.0112171 0.0224049
0 0.390182 0.497083 0.0183924 0.0188634
0 0.829206 0.615056 0.028131 0.0278887
0 0.452225 0.0123422 0.0139981 0.0192144
0 0.165769 0.340585 0.0214317 0.0193821
0 0.03631 0.519935 0.0162345 0.0172293
0 0.551791 0.467153 0.0143313 0.0223595
0 0.184442 0.860738 0.0160481 0.0252444
0 0.190889 0.00405452 0.0207726 0.00779219
0 0.747292 0.862936 0.0171626 0.0177644
0 0.669267 0.198131 0.0159422 0.0211887
0 0.136366 0.986938 0.0176204 0.0220449
0 0.0270878 0.87467 0.0194236 0.0166836
0 0.0514803 0.126881 0.0125233 0.0200916
0 0.632278 0.396858 0.0157949 0.019216
0 0.3667 0.992612 0.013239 0.0144583
0 0.588983 0.804135 0.0153651 0.0115838
0 0.988837 0.767312 0.015536 0.0200877
0 0.197822 0.658367 0.0172024 0.016053
0 0.191765 0.750152 0.0157596 0.020686
0 0.423099 0.279827 0.0170407 0.0223927
0 0.543149 0.387434 0.0105908 0.0168756
0 0.280749 0.878112 0.0169959 0.0230151
0 0.513201 0.018584 0.0115472 0.0167351
0 0.0494994 0.0857075 0.0130949 0.0151115
0 0.36799 0.753567 0.0127478 0.0119668
0 0.850325 0.329357 0.0228202 0.0128545
0 0.107236 0.627672 0.0212468 0.0263987
0 0.0605338 0.608382 0.0138153 0.0174701
0 0.311992 0.00347684 0.0164448 0.00661088
0 0.27208 0.525879 0.0131179 0.0117711
0 0.847551 0.844243 0.0183842 0.0163226
0 0.78824 0.639319 0.0117905 0.0212289
0 0.353504 0.220829 0.0113204 0.0136376
0 0.360889 0.740024 0.0232219 0.0248541
0 0.845727 0.329729 0.0139101 0.0118446
0 0.540896 0.269298 0.01615 0.0241581
0 0.239283 0.342432 0.0132575 0.0148754
0 0.750482 0.991456 0.0146202 0.0143002
0 0.41716 0.053815 0.0115697 0.015943
0 0.535779 0.144689 0.0194195 0.0229325
0 0.924661 0.278214 0.0187723 0.0229967
0 0.00436916 0.182665 0.00990218 0.0141721
0 0.0698357 0.277903 0.014422 0.0221822
0 0.879312 0.812178 0.026364 0.0214248
0 0.18245 0.552544 0.0169208 0.0128665
0 0.165569 0.270276 0.0095326 0.0138951
0 0.388165 0.225791 0.0166472 0.0137959
0 0.277774 0.90765 0.014991 0.0130073
0 0.420709 0.416187 0.0116535 0.0170979
0 0.728513 0.402815 0.0148429 0.0188145
0 0.37947 0.81329 0.0116926 0.0139098
0 0.986553 0.261891 0.0142061 0.0192021
0 0.70821 0.415473 0.0120882 0.0129951
0 0.51015 0.747894 0.0179321 0.0152431
0 0.744619 0.392261 0.011233 0.0162104
0 0.18466 0.349883 0.015996 0.0153326
0 0.12145 0.293702 0.0173993 0.0223441
0 0.597305 0.273223 0.0136511 0.0178983
0 0.0836631 0.289657 0.0185807 0.0200822
0 0.772984 0.602058 0.0116161 0.0129412
0 0.31411 0.28828 0.0166458 0.0190371
0 0.624508 0.970465 0.0169775 0.0204902
0 0.805375 0.605569 0.0183629 0.0180653
0 0.904664 0.464711 0.0130184 0.0155543
0 0.796405 0.991623 0.0175286 0.016176
0 0.252641 0.470768 0.0179223 0.0146044
0 0.275591 0.360152 0.0147256 0.0164392
0 0.437924 0.21956 0.011834 0.0120894
0 0.191486 0.529038 0.0141949 0.0147644
0 0.958944 0.765058 0.0152732 0.0153886
0 0.0794028 0.293466 0.0170797 0.0164073
0 0.280552 0.710426 0.0142291 0.0164329
0 0.381807 0.192192 0.0128534 0.0268519
0 0.380388 0.9425 0.0162959 0.0211297
0 0.971141 0.326565 0.0126447 0.0145726
0 0.225958 0.113921 0.0146542 0.0173452
0 0.186868 0.347971 0.0128275 0.0130595
0 0.466629 0.301592 0.0171089 0.0183813
0 0.606169 0.615689 0.0125052 0.0144027
0 0.530485 0.974022 0.0306988 0.0307716
0 0.234523 0.74194 0.0140481 0.0119479
0 0.0358484 0.0198295 0.0124279 0.0106368
0 0.540071 0.276297 0.0120599 0.0134362
0 0.773017 0.289436 0.0160593 0.0226901
0 0.452118 0.172846 0.0122874 0.0157525
0 0.490732 0.283196 0.0150294 0.0158022
0 0.455166 0.284186 0.0168936 0.0236098
0 0.695806 0.708909 0.015282 0.0147865
0 0.528706 0.448092 0.0118568 0.0105417
0 0.706278 0.994018 0.0252328 0.0115373
0 0.725062 0.611413 0.0124143 0.0189036
0 0.996407 0.225769 0.007409 0.022281
0 0.931676 0.955852 0.0135889 0.0211834
0 0.402224 0.906048 0.0127407 0.0188783
0 0.346664 0.235371 0.0126267 0.0173866
0 0.164783 0.337727 0.0179127 0.0141952
