0 0.772216 0.685086 0.0230306 0.0185206
0 0.984152 0.86347 0.0268998 0.0251164
0 0.636408 0.81438 0.0166624 0.0178699
0 0.255557 0.517504 0.0229563 0.0187402
0 0.64723 0.638181 0.0209219 0.0236065
0 0.0216074 0.163792 0.0162422 0.0151509
0 0.911168 0.358788 0.0199997 0.0261448
0 0.0278785 0.43833 0.0116897 0.024215
0 0.365895 0.639576 0.0145235 0.0138196
0 0.335857 0.54917 0.0188547 0.0165143
0 0.659407 0.756311 0.0245458 0.0245556
0 0.382215 0.939453 0.0203428 0.0267549
0 0.284878 0.985404 0.0295039 0.0268476
0 0.390409 0.497151 0.0185506 0.0199739
0 0.829389 0.615411 0.0285338 0.0273968
0 0.451907 0.0125943 0.0137363 0.0188224
0 0.668989 0.197797 0.015823 0.0217592
0 0.115032 0.106442 0.0110053 0.0180487
0 0.80897 0.39165 0.0122631 0.024248
0 0.0362607 0.519596 0.0153667 0.0164322
0 0.0511396 0.126813 0.0128268 0.0200967
0 0.609846 0.615055 0.0132278 0.0231441
0 0.552008 0.467331 0.0139388 0.0225111
0 0.165422 0.340099 0.0205101 0.0184126
0 0.191376 0.00408071 0.0213263 0.00770257
0 0.19789 0.658357 0.0190226 0.0167676
0 0.632205 0.396964 0.0156504 0.0181803
0 0.184753 0.859842 0.0166843 0.0269123
0 0.0278802 0.874549 0.0195376 0.0167332
0 0.589024 0.804047 0.0141434 0.0111183
0 0.851925 0.329551 0.0248289 0.0130411
0 0.988839 0.767214 0.0148536 0.0186392
0 0.366913 0.992848 0.0130789 0.0138779
0 0.685805 0.502377 0.0130441 0.0169636
0 0.542869 0.387809 0.0108193 0.017083
0 0.368672 0.753693 0.0117803 0.0125257
0 0.136038 0.98702 0.0168587 0.0210623
0 0.620009 0.54495 0.0150194 0.021229
0 0.422989 0.279884 0.016514 0.0217081
0 0.0493146 0.0859631 0.0128844 0.0150311
0 0.107308 0.627484 0.0212406 0.0264821
0 0.272135 0.525612 0.0133117 0.0118978
0 0.23209 0.12127 0.0130052 0.0196388
0 0.239332 0.34232 0.0129187 0.0151231
0 0.180947 0.350887 0.0198173 0.0161844
0 0.312178 0.00350519 0.0172507 0.00647002
0 0.191722 0.749793 0.0156677 0.0200531
0 0.750527 0.991763 0.0139724 0.0137365
0 0.360781 0.740303 0.0227295 0.0250553
0 0.353494 0.220887 0.0116312 0.0134952
0 0.513712 0.0184356 0.011974 0.018199
0 0.624387 0.97056 0.0155168 0.0191778
0 0.121959 0.292881 0.0182863 0.0247063
0 0.747237 0.861836 0.0152883 0.015668
0 0.0605033 0.608247 0.013443 0.0176702
0 0.387765 0.225846 0.0155746 0.0134694
0 0.164435 0.267521 0.0135134 0.0125251
0 0.279889 0.87925 0.0173322 0.0242943
0 0.00429177 0.182966 0.009995 0.0146976
0 0.0702542 0.277862 0.01483 0.0225013
0 0.182827 0.552459 0.017599 0.0134348
0 0.420987 0.416379 0.0116192 0.0170173
0 0.845352 0.329878 0.0132979 0.01187
0 0.379746 0.813689 0.0121847 0.015007
0 0.805769 0.605527 0.017428 0.0188633
0 0.41675 0.0538769 0.0118022 0.0155653
0 0.787899 0.644364 0.0135674 0.0137521
0 0.314227 0.288149 0.0171038 0.018768
0 0.540957 0.269263 0.0161552 0.0238164
0 0.0793836 0.29335 0.0173295 0.0166878
0 0.857655 0.16514 0.0216473 0.0207238
0 0.795274 0.991362 0.0161348 0.0158494
0 0.535033 0.145027 0.0194545 0.0220737
0 0.708866 0.415045 0.0134093 0.0146566
0 0.0836725 0.289833 0.0183719 0.0203013
0 0.986209 0.26111 0.0135103 0.0171025
0 0.035923 0.0194821 0.0125544 0.0107963
0 0.233367 0.741103 0.0166129 0.0123892
0 0.28017 0.710171 0.0138725 0.0161473
0 0.275807 0.359896 0.0148368 0.0160478
0 0.879501 0.812199 0.023608 0.0197569
0 0.847613 0.844495 0.016178 0.0153254
0 0.381578 0.191437 0.0122992 0.0247251
0 0.743544 0.395306 0.0128015 0.0136847
0 0.772871 0.289523 0.017078 0.023699
0 0.553528 0.557958 0.0139966 0.0182104
0 0.904277 0.464432 0.0130067 0.0160601
0 0.772933 0.601696 0.0120302 0.0134859
0 0.958838 0.76519 0.0162151 0.0160913
0 0.191412 0.52897 0.0147401 0.0148749
0 0.996292 0.225711 0.00787783 0.0218064
0 0.380124 0.942693 0.0158855 0.0208174
0 0.924517 0.278223 0.0187344 0.0225727
0 0.597203 0.273337 0.0135364 0.0177316
0 0.226258 0.446017 0.014745 0.0118213
0 0.43802 0.220117 0.0118025 0.0121973
0 0.611867 0.550023 0.0106702 0.0146456
0 0.255753 0.471987 0.0168573 0.012441
0 0.971214 0.326723 0.0118282 0.0139201
0 0.509494 0.747783 0.0165044 0.0145867
0 0.695579 0.709082 0.0157237 0.0134903
0 0.728956 0.402103 0.0155423 0.0173613
0 0.491286 0.283281 0.014284 0.0155284
0 0.539763 0.276294 0.0119873 0.0129883
0 0.16438 0.337364 0.01722 0.013968
0 0.932254 0.956769 0.0134683 0.019104
0 0.528636 0.448283 0.0114901 0.0112997
0 0.455022 0.283905 0.0164283 0.0232804
0 0.34664 0.23529 0.0123822 0.0172104
0 0.184404 0.348665 0.0155242 0.0139598
0 0.401697 0.905218 0.0128419 0.019109
