0 0.772135 0.684989 0.0227799 0.0181707
0 0.0219046 0.163712 0.0172361 0.0163077
0 0.9113 0.358222 0.0193739 0.0245811
0 0.984065 0.863537 0.027384 0.0252962
0 0.636322 0.814409 0.0176378 0.0179403
0 0.255655 0.517816 0.0232513 0.0183967
0 0.336126 0.549345 0.0196845 0.0171784
0 0.381434 0.94028 0.0194638 0.0255132
0 0.647431 0.638175 0.0218531 0.023831
0 0.365654 0.640005 0.01395 0.012473
0 0.668113 0.197271 0.0151777 0.0188074
0 0.659212 0.756235 0.0239694 0.0236851
0 0.390318 0.49691 0.0181702 0.0192035
0 0.285126 0.9857 0.0288279 0.0263954
0 0.0268559 0.437707 0.0104196 0.0215078
0 0.197331 0.658709 0.0193253 0.0169261
0 0.829211 0.615241 0.0305451 0.0291151
0 0.989131 0.766601 0.0160006 0.0208417
0 0.115036 0.107022 0.0108537 0.0173551
0 0.452385 0.0126493 0.0140362 0.0194991
0 0.551835 0.467589 0.0139711 0.0222306
0 0.632202 0.396668 0.0156917 0.019275
0 0.191295 0.00415672 0.0214748 0.00797645
0 0.165114 0.340506 0.0207286 0.0191984
0 0.279593 0.879789 0.0175577 0.0258549
0 0.184047 0.86085 0.0163419 0.0259222
0 0.0363311 0.520238 0.0147807 0.0171187
0 0.0277472 0.875029 0.017844 0.0176344
0 0.850888 0.329469 0.0231766 0.0132832
0 0.686034 0.511623 0.0106964 0.0110705
0 0.542887 0.387642 0.0103183 0.0167016
0 0.0491678 0.085872 0.0131534 0.0150712
0 0.135796 0.987433 0.017473 0.0201485
0 0.609408 0.609933 0.0102649 0.0188028
0 0.051301 0.126933 0.0124693 0.0197677
0 0.588786 0.804047 0.0140095 0.0109538
0 0.36695 0.993116 0.0124081 0.0135242
0 0.360206 0.739652 0.0223975 0.0239499
0 0.17864 0.351976 0.0232879 0.0163993
0 0.107446 0.627544 0.0221586 0.0275704
0 0.367678 0.75346 0.0125539 0.0127339
0 0.239035 0.342138 0.0134583 0.0169026
0 0.750828 0.992126 0.0146277 0.0137316
0 0.808478 0.394639 0.0115808 0.0240825
0 0.312027 0.00348068 0.0168258 0.00659431
0 0.0700412 0.277831 0.0143833 0.0226956
0 0.353495 0.220656 0.0110915 0.0142845
0 0.416944 0.0542677 0.0118305 0.0165418
0 0.619364 0.54644 0.0148468 0.0198957
0 0.271961 0.526087 0.0133994 0.0115317
0 0.272317 0.904152 0.0115263 0.0118605
0 0.624333 0.970694 0.0157954 0.0193591
0 0.795636 0.991299 0.0167552 0.015782
0 0.0827473 0.290285 0.0196411 0.0209072
0 0.121907 0.292937 0.0183172 0.023436
0 0.924783 0.278105 0.0179974 0.0224558
0 0.387935 0.226252 0.0155613 0.0142292
0 0.845769 0.329655 0.0137261 0.0120857
0 0.423153 0.279945 0.0167724 0.0214936
0 0.513134 0.0183592 0.0121439 0.0163939
0 0.0041342 0.182804 0.00964773 0.0142734
0 0.959037 0.765462 0.0154471 0.0172441
0 0.182245 0.552498 0.0171443 0.0123494
0 0.534928 0.144961 0.0199897 0.0219547
0 0.747406 0.861249 0.0157585 0.0165483
0 0.42097 0.416272 0.0116174 0.0168482
0 0.275489 0.359947 0.0145031 0.0164761
0 0.787136 0.645364 0.0125356 0.0132563
0 0.541088 0.269671 0.0159791 0.0241178
0 0.805092 0.605696 0.0186433 0.0197747
0 0.379383 0.813141 0.0116913 0.0148518
0 0.553284 0.558709 0.013643 0.0182277
0 0.847245 0.844111 0.0170723 0.0161622
0 0.059832 0.607098 0.0120444 0.0151844
0 0.381245 0.192476 0.0131201 0.0265039
0 0.728499 0.402133 0.0153568 0.0173073
0 0.508846 0.815045 0.0149475 0.0160424
0 0.437638 0.219321 0.011586 0.011991
0 0.717124 0.627037 0.0139038 0.0175133
0 0.191732 0.52934 0.0144013 0.0143486
0 0.879141 0.812597 0.0261041 0.0216912
0 0.170361 0.2689 0.0154529 0.0148753
0 0.706904 0.413115 0.0132039 0.0140618
0 0.971002 0.326692 0.0125596 0.0143491
0 0.313619 0.289305 0.0168079 0.0190358
0 0.233848 0.740536 0.0161175 0.0121342
0 0.986594 0.261518 0.0135445 0.0174342
0 0.226066 0.445936 0.0142367 0.0119559
0 0.858096 0.164714 0.0200982 0.0192412
0 0.509617 0.747545 0.0172802 0.0146588
0 0.279958 0.710018 0.0140523 0.0158451
0 0.318999 0.27984 0.0131505 0.0158176
0 0.379865 0.943029 0.0158131 0.0203606
0 0.446107 0.696313 0.0123984 0.0130794
0 0.0359631 0.0198554 0.0128738 0.0113009
0 0.772926 0.601822 0.0123439 0.0133084
0 0.191981 0.750127 0.0151748 0.0196084
0 0.597255 0.27341 0.0140654 0.0176491
0 0.695997 0.706413 0.0168096 0.0152651
0 0.996906 0.225115 0.0065342 0.0230705
0 0.539547 0.277027 0.0114446 0.0130159
0 0.454994 0.284023 0.0159188 0.023041
0 0.528505 0.448017 0.0115996 0.0106113
0 0.346579 0.235429 0.0126164 0.0177464
0 0.491143 0.283132 0.0143673 0.0161594
0 0.184659 0.348907 0.0158948 0.0141409
