0 0.77196 0.685093 0.0217201 0.0175527
0 0.911095 0.358285 0.0193604 0.0250075
0 0.613739 0.545073 0.0113018 0.022069
0 0.255979 0.517742 0.0243462 0.0189351
0 0.984035 0.863663 0.0268588 0.0248851
0 0.0216405 0.163678 0.0165592 0.0159027
0 0.335701 0.549209 0.0194354 0.0170332
0 0.636256 0.81445 0.0171863 0.0173688
0 0.381619 0.940326 0.0201858 0.0271876
0 0.0290968 0.437042 0.0110053 0.0225478
0 0.365978 0.639533 0.0141352 0.0135356
0 0.390121 0.497054 0.018969 0.019376
0 0.551548 0.466921 0.0147189 0.0221614
0 0.829801 0.614665 0.0313073 0.0284704
0 0.452607 0.0121217 0.014374 0.020007
0 0.284804 0.985502 0.0293254 0.02688
0 0.184506 0.861539 0.0165918 0.0248022
0 0.197207 0.659003 0.0187741 0.0172867
0 0.115082 0.107097 0.0114739 0.0188358
0 0.756229 0.42046 0.0214875 0.0194247
0 0.588916 0.803931 0.0158056 0.01185
0 0.165756 0.342938 0.0235205 0.021399
0 0.191203 0.00458918 0.0205653 0.00879155
0 0.027866 0.873543 0.0180356 0.016892
0 0.632223 0.396717 0.0143808 0.0182762
0 0.0365558 0.519506 0.0152058 0.0161699
0 0.750642 0.991491 0.0137098 0.0142405
0 0.0509022 0.127296 0.0127889 0.0195623
0 0.176643 0.352307 0.0228534 0.0155356
0 0.988807 0.767059 0.0138492 0.0178357
0 0.850437 0.329369 0.0228914 0.0138016
0 0.416068 0.0538324 0.0123544 0.0171808
0 0.107146 0.627434 0.0225255 0.027842
0 0.238837 0.34217 0.0138126 0.0177563
0 0.669325 0.198393 0.0147762 0.0205356
0 0.624675 0.970516 0.01583 0.0196869
0 0.366704 0.992937 0.0131926 0.0135299
0 0.0494538 0.0861779 0.0129018 0.015127
0 0.279268 0.878945 0.0169621 0.0240023
0 0.226339 0.134983 0.0138501 0.0184513
0 0.0610284 0.608222 0.0136985 0.0188483
0 0.368166 0.753269 0.0126915 0.0126786
0 0.542658 0.387738 0.00992427 0.01643
0 0.312135 0.00369975 0.0161808 0.00688017
0 0.901587 0.238226 0.0221873 0.0203126
0 0.541178 0.269781 0.0159195 0.0245643
0 0.271962 0.526229 0.0137552 0.011572
0 0.191695 0.749895 0.015642 0.0206199
0 0.0699675 0.277885 0.0150463 0.0235439
0 0.658944 0.756263 0.0236491 0.0245008
0 0.422862 0.279811 0.0167658 0.0217325
0 0.134213 0.989617 0.0138945 0.0191299
0 0.704509 0.406726 0.0160136 0.0158797
0 0.121695 0.292888 0.0184987 0.0239725
0 0.379286 0.813339 0.0116189 0.0150868
0 0.182667 0.552336 0.0180277 0.0136822
0 0.924496 0.277905 0.0189572 0.0231268
0 0.353508 0.220966 0.0116042 0.0138313
0 0.360774 0.739606 0.0224247 0.0234823
0 0.00443313 0.18265 0.0101216 0.0149249
0 0.783415 0.650015 0.0134811 0.0165461
0 0.0825743 0.290369 0.0197486 0.0205287
0 0.650319 0.638658 0.0224103 0.0224055
0 0.534503 0.144382 0.0184855 0.0204783
0 0.95932 0.764605 0.0152087 0.015282
0 0.387903 0.225362 0.0156552 0.012686
0 0.174801 0.262569 0.0158706 0.0147904
0 0.552178 0.558668 0.0139462 0.0184858
0 0.496477 0.718735 0.0138868 0.014245
0 0.746386 0.861152 0.0141432 0.0135812
0 0.421168 0.416311 0.0122126 0.0182667
0 0.805218 0.605923 0.0178247 0.0199249
0 0.729053 0.402519 0.0168635 0.0194924
0 0.262812 0.903275 0.0129334 0.0145602
0 0.879276 0.811759 0.0226003 0.0188016
0 0.275693 0.360113 0.0138638 0.0161108
0 0.279827 0.710152 0.0132025 0.0159158
0 0.970776 0.326455 0.0123723 0.0146316
0 0.905185 0.464708 0.0128194 0.0162352
0 0.437894 0.219686 0.0115436 0.0123935
0 0.035209 0.0197284 0.0126222 0.0111833
0 0.381615 0.19296 0.0130171 0.0276352
0 0.51665 0.0293732 0.0179705 0.0133231
0 0.847624 0.844547 0.0156678 0.0146332
0 0.191456 0.529356 0.0146431 0.013926
0 0.98833 0.26058 0.0115123 0.0170277
0 0.314284 0.288449 0.0165665 0.0200031
0 0.618118 0.600521 0.00950069 0.0171654
0 0.996609 0.224703 0.00692368 0.0232088
0 0.226164 0.446145 0.0157651 0.0127229
0 0.698892 0.517428 0.0121015 0.0133153
0 0.0888864 0.677092 0.0197361 0.0245607
0 0.597302 0.273417 0.0136743 0.0176874
0 0.539832 0.277054 0.0116401 0.0135588
0 0.529237 0.448245 0.0125632 0.0109341
0 0.723419 0.421766 0.0134243 0.0186108
0 0.465764 0.301748 0.0172789 0.0189043
0 0.455102 0.284209 0.0166619 0.0235082
0 0.379973 0.943258 0.01647 0.0215937
0 0.40192 0.906631 0.0129017 0.0187531
0 0.773361 0.601742 0.0118428 0.0137613
0 0.491456 0.283339 0.0164089 0.0170829
0 0.451885 0.173309 0.0125917 0.016229
0 0.346731 0.235182 0.0126808 0.0176576
0 0.796612 0.996905 0.0141372 0.00651127
0 0.719897 0.651728 0.0111224 0.0155832
0 0.163933 0.339202 0.0188055 0.0165054
0 0.388247 0.931535 0.0146773 0.0186007
