0 0.771738 0.684933 0.0217178 0.0179925
0 0.0221401 0.163938 0.0168126 0.015991
0 0.648775 0.63893 0.0230889 0.0247374
0 0.983939 0.86409 0.0270665 0.026049
0 0.911036 0.358268 0.0194688 0.0255163
0 0.25561 0.517693 0.0236789 0.0190309
0 0.636521 0.814197 0.0172477 0.0170578
0 0.381868 0.940148 0.0209489 0.0271848
0 0.33614 0.549897 0.018895 0.0167245
0 0.659318 0.755913 0.0240355 0.0243329
0 0.365858 0.639715 0.0147961 0.013782
0 0.616247 0.547489 0.0170646 0.019776
0 0.829422 0.614967 0.0309307 0.0297526
0 0.0268258 0.437531 0.0104792 0.0219
0 0.631829 0.396787 0.0158868 0.0190554
0 0.719364 0.639896 0.0163921 0.021944
0 0.45212 0.0126195 0.0137002 0.0200218
0 0.66893 0.197905 0.015134 0.0199308
0 0.285028 0.985487 0.0292103 0.0266259
0 0.551364 0.467405 0.0149311 0.0224503
0 0.280185 0.879021 0.0177248 0.0234393
0 0.185089 0.860649 0.0166996 0.0254356
0 0.0361171 0.519886 0.0146534 0.016643
0 0.588708 0.804559 0.0150588 0.0117157
0 0.390248 0.497398 0.0180125 0.0190268
0 0.165134 0.341439 0.0213005 0.0194422
0 0.115197 0.106883 0.011509 0.0182613
0 0.197861 0.658922 0.0188395 0.0165597
0 0.851824 0.329485 0.0249813 0.0134944
0 0.988763 0.767026 0.0157233 0.0193902
0 0.191061 0.00401189 0.020975 0.00768179
0 0.107261 0.627368 0.0221736 0.0273287
0 0.0270406 0.873803 0.017485 0.0152516
0 0.177376 0.352123 0.0230306 0.0156283
0 0.136029 0.986434 0.0167668 0.0216064
0 0.238945 0.342075 0.0128123 0.0162565
0 0.542943 0.387894 0.0103587 0.0170832
0 0.0495005 0.0862597 0.0130037 0.0156123
0 0.609858 0.602387 0.0122513 0.0179421
0 0.708555 0.407898 0.0156982 0.0193354
0 0.367938 0.753349 0.0126558 0.0127571
0 0.366794 0.992478 0.0132141 0.0143572
0 0.751008 0.991651 0.0141511 0.0141152
0 0.541054 0.269227 0.0159883 0.0239832
0 0.070136 0.278173 0.0143955 0.0234779
0 0.624249 0.970832 0.0146828 0.0188719
0 0.271941 0.525948 0.0135109 0.0118029
0 0.191701 0.749849 0.015354 0.020043
0 0.388166 0.226084 0.0165396 0.0139426
0 0.169644 0.26303 0.0118068 0.0154161
0 0.353534 0.220706 0.0110691 0.0136888
0 0.361155 0.739889 0.0232658 0.0238321
0 0.925019 0.278046 0.0189225 0.0233006
0 0.311148 0.00369945 0.0160661 0.00717803
0 0.423102 0.279712 0.0166134 0.0220058
0 0.808582 0.396911 0.0108065 0.0222941
0 0.379371 0.812986 0.0116307 0.0147295
0 0.786739 0.649039 0.0139418 0.0127326
0 0.00437158 0.182981 0.0100566 0.0149352
0 0.083983 0.289341 0.0185041 0.0204222
0 0.958432 0.765092 0.0156666 0.0155079
0 0.416492 0.053622 0.0122737 0.0155708
0 0.182193 0.552613 0.0169196 0.012581
0 0.746717 0.861303 0.014297 0.0144436
0 0.728859 0.402222 0.0153226 0.0186926
0 0.230344 0.1274 0.0101998 0.018527
0 0.804619 0.60558 0.0183275 0.020541
0 0.0600487 0.606956 0.0122877 0.0150596
0 0.121873 0.292536 0.0180338 0.0243413
0 0.233352 0.739318 0.0165362 0.011826
0 0.421118 0.41627 0.0117806 0.0174162
0 0.847859 0.844479 0.0171847 0.0156002
0 0.987642 0.261064 0.0122654 0.0176683
0 0.0359264 0.0195855 0.012491 0.0105252
0 0.535234 0.145018 0.0204641 0.0236214
0 0.597178 0.273334 0.0145282 0.0183196
0 0.27964 0.709554 0.0139837 0.0158937
0 0.795396 0.992942 0.0141284 0.0127858
0 0.381444 0.192169 0.0132397 0.0270691
0 0.276003 0.360053 0.0135854 0.0159409
0 0.721245 0.334986 0.0208483 0.027541
0 0.878971 0.811934 0.0244989 0.0195023
0 0.191639 0.528967 0.0143523 0.0140229
0 0.771913 0.291141 0.0193619 0.0280725
0 0.696286 0.706031 0.0172671 0.0158323
0 0.313873 0.289385 0.0161829 0.0188293
0 0.0882638 0.677151 0.0204003 0.0222007
0 0.971177 0.326747 0.0125715 0.0145174
0 0.352729 0.0767847 0.0122668 0.0190809
0 0.69551 0.502081 0.0116565 0.0124828
0 0.857831 0.164773 0.0211492 0.0204588
0 0.266616 0.910983 0.0131259 0.0132674
0 0.379938 0.943268 0.0167432 0.0212733
0 0.518478 0.0209624 0.0110884 0.0177354
0 0.454898 0.283754 0.0163376 0.0231575
0 0.437719 0.219935 0.0123963 0.0122576
0 0.773255 0.601943 0.012066 0.0136318
0 0.996173 0.225817 0.00795946 0.0231153
0 0.723938 0.421644 0.0131402 0.0182624
0 0.529018 0.447996 0.012323 0.0110235
0 0.465726 0.301603 0.0179946 0.0196195
0 0.539727 0.276188 0.011738 0.0133822
0 0.346697 0.235034 0.0126073 0.0174981
0 0.164438 0.338534 0.0179246 0.0156433
0 0.510121 0.747501 0.0177889 0.0150492
0 0.74076 0.49723 0.0166626 0.0140127
0 0.401597 0.906524 0.0127999 0.0181426
0 0.490805 0.282915 0.0169912 0.0162998
