0 0.772011 0.68487 0.0228521 0.0182031
0 0.984198 0.863292 0.0266243 0.0246826
0 0.911781 0.358664 0.0200337 0.0255091
0 0.636418 0.813933 0.0175067 0.0176755
0 0.0270811 0.438011 0.0123181 0.0226386
0 0.365765 0.63932 0.0152452 0.0149641
0 0.0216123 0.163937 0.0168029 0.015903
0 0.255098 0.517679 0.0226919 0.0183247
0 0.645185 0.638508 0.0186262 0.0268376
0 0.659207 0.756233 0.0233172 0.0237983
0 0.336386 0.54889 0.019395 0.017365
0 0.809898 0.388418 0.0118991 0.0228898
0 0.390376 0.497054 0.0188519 0.0193784
0 0.829231 0.615219 0.0274375 0.0269744
0 0.381849 0.940216 0.0199634 0.0262215
0 0.284316 0.985596 0.0301521 0.0266792
0 0.198043 0.658273 0.0187229 0.0168469
0 0.185712 0.85996 0.018477 0.0286484
0 0.668665 0.197619 0.0147185 0.0199021
0 0.166043 0.340889 0.0219441 0.0201168
0 0.115035 0.106733 0.0110653 0.0171876
0 0.552256 0.467175 0.0140307 0.021841
0 0.191292 0.00413866 0.0213772 0.00786866
0 0.0361162 0.520514 0.014913 0.0153595
0 0.589519 0.803939 0.0157069 0.0118155
0 0.049169 0.08574 0.0136021 0.0151426
0 0.451899 0.0124782 0.0142456 0.0194072
0 0.611876 0.625161 0.0122457 0.0214659
0 0.852864 0.329289 0.0263789 0.0128947
0 0.632232 0.397018 0.0151243 0.0180106
0 0.355991 0.0949391 0.0125041 0.0233869
0 0.0512338 0.127035 0.0124758 0.0199606
0 0.543176 0.387559 0.0106798 0.0169737
0 0.367716 0.753436 0.0130754 0.0125087
0 0.272036 0.525588 0.0134616 0.0127393
0 0.41747 0.0542424 0.0117333 0.0171921
0 0.36104 0.739922 0.0230578 0.0248394
0 0.13731 0.983888 0.0171121 0.0236819
0 0.0606972 0.6083 0.0129146 0.0170414
0 0.0272819 0.873903 0.0195586 0.0172266
0 0.788433 0.634774 0.0106488 0.0226816
0 0.420593 0.415976 0.0118499 0.0178699
0 0.620727 0.546403 0.0156479 0.0198905
0 0.387861 0.226495 0.0163921 0.0140921
0 0.989178 0.766874 0.0137868 0.0185062
0 0.312176 0.00358634 0.0165555 0.00662428
0 0.0699279 0.277716 0.0145361 0.0226526
0 0.239032 0.342307 0.0126147 0.0149344
0 0.353443 0.220703 0.0112685 0.0135077
0 0.191791 0.749862 0.0161818 0.0209864
0 0.750634 0.991781 0.0159391 0.0135967
0 0.366872 0.992136 0.0126766 0.0143816
0 0.00465435 0.182623 0.0104091 0.0144713
0 0.985905 0.262151 0.0148179 0.01845
0 0.182527 0.552534 0.0168113 0.0130416
0 0.729355 0.403817 0.0170292 0.0221903
0 0.423432 0.279855 0.0168044 0.0217283
0 0.22543 0.105844 0.0104627 0.0205905
0 0.902344 0.237159 0.0207738 0.0180681
0 0.535231 0.144504 0.0181112 0.0216743
0 0.924459 0.278473 0.0182318 0.0222657
0 0.510304 0.0186795 0.0119225 0.0185473
0 0.107087 0.627702 0.0212069 0.0263999
0 0.121309 0.293425 0.0166014 0.0219712
0 0.772702 0.601806 0.0113266 0.0139654
0 0.541377 0.269228 0.0162263 0.0236079
0 0.275837 0.359863 0.0149678 0.0164328
0 0.773275 0.288652 0.0149676 0.021524
0 0.438408 0.219765 0.0125234 0.0128025
0 0.795515 0.991496 0.0163985 0.0150797
0 0.624243 0.970888 0.0160328 0.0197361
0 0.879607 0.811637 0.0243588 0.0194645
0 0.191338 0.529047 0.0141743 0.0150322
0 0.379629 0.813272 0.0124312 0.0146581
0 0.322007 0.0252296 0.0113171 0.0113322
0 0.806078 0.604652 0.0174749 0.018224
0 0.971199 0.326444 0.0126428 0.0145811
0 0.0785462 0.293675 0.0164608 0.0158985
0 0.313857 0.288724 0.0163099 0.0180863
0 0.249577 0.472738 0.0158887 0.0114866
0 0.232206 0.741126 0.0174783 0.0118984
0 0.509456 0.747697 0.0164368 0.0151175
0 0.996793 0.225177 0.00645094 0.0229573
0 0.380028 0.943146 0.0159578 0.0206592
0 0.597592 0.273492 0.0136094 0.0176341
0 0.746195 0.855511 0.0134455 0.0142881
0 0.0356314 0.0198766 0.0128542 0.0110965
0 0.70732 0.416016 0.0141571 0.0135361
0 0.847801 0.844215 0.0165559 0.0143067
0 0.528611 0.448104 0.0113863 0.010676
0 0.958818 0.764783 0.0140238 0.0145686
0 0.088129 0.285691 0.0144129 0.0169342
0 0.539871 0.276427 0.0117136 0.01241
0 0.187916 0.34786 0.0118929 0.0124028
0 0.490695 0.283347 0.0148277 0.0156956
0 0.278193 0.899082 0.0139375 0.0156096
0 0.993772 0.280144 0.0130438 0.016795
0 0.695356 0.709272 0.0152447 0.0143301
0 0.280298 0.710507 0.0140842 0.0159812
0 0.28126 0.876688 0.014277 0.0189734
0 0.346824 0.23559 0.012757 0.0172395
0 0.455187 0.284296 0.016944 0.0240237
0 0.163943 0.275126 0.0114599 0.0133751
0 0.164887 0.337631 0.0177019 0.0139668
0 0.623869 0.545585 0.0110118 0.018479
