0 0.614038 0.545546 0.0132817 0.0219342
0 0.771793 0.684861 0.022253 0.0181942
0 0.0218771 0.163612 0.0168927 0.0161455
0 0.984393 0.863953 0.026535 0.0243725
0 0.256343 0.517681 0.0240713 0.0190915
0 0.381763 0.940266 0.02053 0.0273187
0 0.335453 0.549204 0.0194923 0.0167943
0 0.636611 0.814123 0.0173305 0.0172932
0 0.911351 0.358205 0.0193768 0.0247697
0 0.0282091 0.437 0.0109242 0.0216331
0 0.285191 0.985533 0.0289382 0.0267712
0 0.36587 0.639817 0.014175 0.0125231
0 0.389895 0.496957 0.0190684 0.0191501
0 0.55171 0.467027 0.0144373 0.0223752
0 0.659051 0.756014 0.0236195 0.024006
0 0.18486 0.860496 0.0159773 0.0258212
0 0.829361 0.614612 0.031964 0.030104
0 0.166141 0.343841 0.0246423 0.0222594
0 0.452282 0.0126947 0.014921 0.0201487
0 0.191332 0.00441616 0.021047 0.00845579
0 0.115393 0.106825 0.0120637 0.0190651
0 0.750637 0.991542 0.0143174 0.0145477
0 0.588828 0.804221 0.015694 0.0116272
0 0.0277176 0.87358 0.0171663 0.0157735
0 0.197807 0.658762 0.0187167 0.017006
0 0.851352 0.329357 0.0239485 0.0129209
0 0.632167 0.397111 0.0150542 0.0186908
0 0.756334 0.418961 0.0209952 0.022829
0 0.649311 0.638675 0.0215989 0.0230681
0 0.0365252 0.51978 0.0154069 0.0174185
0 0.107413 0.627238 0.0220071 0.0270731
0 0.0510991 0.127493 0.0125884 0.0190172
0 0.176771 0.352278 0.0228996 0.0152203
0 0.228767 0.136052 0.0130705 0.0146171
0 0.366657 0.99273 0.0135128 0.0139972
0 0.135204 0.989596 0.015731 0.0194049
0 0.624691 0.970503 0.0163134 0.0201499
0 0.0494126 0.0859927 0.0129637 0.0149639
0 0.543019 0.387595 0.0107039 0.0168639
0 0.36825 0.753416 0.0129756 0.0127755
0 0.614722 0.600472 0.0119181 0.0192196
0 0.239007 0.342038 0.0129396 0.0164568
0 0.551928 0.558674 0.013539 0.0193641
0 0.271773 0.525962 0.0130632 0.0113708
0 0.706108 0.406002 0.0155493 0.0166078
0 0.311879 0.003476 0.0157647 0.00650491
0 0.989436 0.766852 0.0137121 0.0182735
0 0.0700735 0.277967 0.0147195 0.0234464
0 0.353864 0.220978 0.0115759 0.013902
0 0.669572 0.198971 0.0148423 0.0215841
0 0.0601062 0.60804 0.0138267 0.0180122
0 0.92453 0.278046 0.0185506 0.0226389
0 0.423183 0.279795 0.017024 0.0218376
0 0.540814 0.269387 0.0159519 0.0241035
0 0.535214 0.144485 0.0183836 0.0217101
0 0.360874 0.739535 0.0227209 0.0230262
0 0.279594 0.879057 0.017331 0.0238909
0 0.191889 0.749725 0.0156994 0.0204556
0 0.1734 0.260101 0.0156644 0.016249
0 0.00460087 0.182529 0.0103478 0.0145947
0 0.845321 0.329858 0.0135435 0.0117127
0 0.9016 0.23706 0.0206295 0.0185111
0 0.783253 0.650206 0.0144769 0.0180414
0 0.379163 0.813067 0.0117429 0.0146576
0 0.905191 0.464366 0.0133245 0.0169942
0 0.12198 0.2916 0.0196422 0.0264487
0 0.416171 0.053862 0.0117458 0.0157952
0 0.387557 0.225807 0.0156018 0.0130612
0 0.0840697 0.289521 0.0182288 0.0200499
0 0.182143 0.552847 0.0173284 0.0120665
0 0.958869 0.764303 0.0153867 0.0143633
0 0.728544 0.402426 0.0165711 0.0192202
0 0.43818 0.220057 0.0118242 0.0122947
0 0.421233 0.416236 0.0117056 0.0175819
0 0.597181 0.273141 0.0138365 0.0172926
0 0.970625 0.326702 0.012589 0.0145329
0 0.321948 0.0244705 0.0129912 0.0111782
0 0.264691 0.905254 0.0132296 0.0117372
0 0.988586 0.260332 0.0118704 0.0167302
0 0.0789794 0.293667 0.0171923 0.0167227
0 0.879525 0.811765 0.0236018 0.0199786
0 0.275919 0.36004 0.0137147 0.0156469
0 0.795846 0.996913 0.0163398 0.00621861
0 0.746873 0.860992 0.0139651 0.013586
0 0.0358301 0.0199421 0.0127193 0.0106085
0 0.858549 0.164692 0.0215799 0.0201359
0 0.379995 0.943178 0.0166407 0.0216041
0 0.313928 0.289639 0.0162384 0.0190708
0 0.452496 0.695591 0.0113711 0.012547
0 0.226113 0.445955 0.0155039 0.0121629
0 0.847607 0.844702 0.0158054 0.0151472
0 0.279679 0.709814 0.0132331 0.0155551
0 0.697984 0.513782 0.0118678 0.013741
0 0.191216 0.52946 0.0152884 0.0140651
0 0.38154 0.192975 0.0129375 0.027449
0 0.516578 0.029379 0.0181662 0.0133876
0 0.723314 0.421643 0.0128813 0.0185694
0 0.236153 0.74059 0.0123095 0.0105802
0 0.528838 0.448157 0.0114606 0.011034
0 0.539905 0.276473 0.0118076 0.0131692
0 0.996337 0.225317 0.00739126 0.0234082
0 0.773465 0.60209 0.012317 0.0138954
0 0.45519 0.283866 0.0161971 0.0228341
0 0.491086 0.283331 0.0170171 0.017381
0 0.40175 0.906686 0.0123784 0.0180606
0 0.346768 0.234986 0.0124445 0.0175167
0 0.465802 0.301697 0.0172189 0.0191715
0 0.163839 0.339487 0.019038 0.016329
0 0.997569 0.710837 0.00484552 0.0240388
0 0.388348 0.93168 0.0147162 0.0183902
