0 0.772133 0.684989 0.0223397 0.0183116
0 0.984442 0.863238 0.0279948 0.0262266
0 0.911755 0.358505 0.0196119 0.0257691
0 0.0217709 0.163708 0.0167427 0.0157323
0 0.336554 0.548761 0.0191321 0.0169398
0 0.0276606 0.437916 0.011584 0.0233126
0 0.365623 0.639139 0.0146864 0.0144114
0 0.381809 0.940078 0.0199234 0.0266727
0 0.636114 0.814162 0.0171994 0.016946
0 0.255193 0.517687 0.0231938 0.0182821
0 0.284433 0.985304 0.0303671 0.0274172
0 0.80926 0.386647 0.0122766 0.0234135
0 0.658778 0.756112 0.0230659 0.024119
0 0.115183 0.107067 0.0109959 0.0173921
0 0.390483 0.497198 0.0178922 0.0192444
0 0.552214 0.467193 0.0135224 0.0216247
0 0.0361734 0.519887 0.0158296 0.017158
0 0.452169 0.0125691 0.0145476 0.0195353
0 0.828483 0.614725 0.029042 0.0280411
0 0.514426 0.0112305 0.0108337 0.0199967
0 0.190603 0.00415107 0.0219414 0.00789375
0 0.184749 0.86155 0.0163616 0.0260172
0 0.644958 0.635939 0.0185466 0.0292972
0 0.165595 0.340906 0.0220691 0.0203097
0 0.197845 0.658278 0.0183742 0.016513
0 0.589206 0.803881 0.0157255 0.0115687
0 0.0513618 0.127028 0.0126249 0.0200009
0 0.669187 0.197982 0.0147607 0.0213295
0 0.542829 0.387443 0.0108427 0.0170311
0 0.632043 0.397244 0.0157899 0.0182961
0 0.137441 0.984259 0.016856 0.0228361
0 0.239119 0.34209 0.0125219 0.0152842
0 0.367676 0.753593 0.0133442 0.0121258
0 0.0606474 0.608618 0.0141359 0.0185505
0 0.989176 0.766927 0.0148675 0.01984
0 0.851813 0.329528 0.0242479 0.0133587
0 0.0492872 0.0861329 0.0132904 0.0145531
0 0.272024 0.52598 0.013171 0.0121965
0 0.357097 0.0937781 0.013044 0.0236787
0 0.417639 0.0543345 0.0112541 0.016761
0 0.611011 0.624909 0.0113209 0.0202992
0 0.311924 0.00354671 0.0164688 0.00654684
0 0.360837 0.739568 0.0223017 0.0238929
0 0.790691 0.633404 0.0129044 0.020117
0 0.00451543 0.182335 0.0101817 0.0134639
0 0.420705 0.416025 0.0116545 0.0178965
0 0.353515 0.220859 0.0115172 0.0138299
0 0.367134 0.992299 0.0133877 0.0142057
0 0.107106 0.627431 0.0214468 0.0260066
0 0.0267367 0.874047 0.0177942 0.0164735
0 0.0699557 0.277902 0.0142708 0.0227066
0 0.387857 0.226188 0.0158765 0.0140652
0 0.750646 0.992117 0.0153926 0.0137755
0 0.72963 0.403499 0.0166712 0.0211881
0 0.228559 0.10562 0.0127505 0.0192302
0 0.845385 0.329805 0.0129828 0.0121183
0 0.541269 0.269381 0.0153295 0.0234595
0 0.924608 0.277954 0.0181755 0.0225864
0 0.624768 0.970883 0.0173328 0.0203183
0 0.534708 0.144651 0.0167702 0.0203839
0 0.620677 0.546617 0.0160594 0.0201015
0 0.191784 0.750217 0.016094 0.0203726
0 0.423391 0.279971 0.0166795 0.0217052
0 0.985795 0.262069 0.0149031 0.0181422
0 0.879034 0.812906 0.0274128 0.022861
0 0.847329 0.843855 0.0172446 0.016082
0 0.773225 0.288912 0.0158044 0.0219232
0 0.746447 0.856278 0.0148964 0.0164539
0 0.12065 0.294325 0.0166448 0.0216204
0 0.313939 0.288666 0.016663 0.0183649
0 0.182214 0.5522 0.017583 0.0126989
0 0.275625 0.359987 0.0142253 0.0160189
0 0.726621 0.600935 0.0102913 0.0166577
0 0.707535 0.41727 0.0149135 0.0146833
0 0.9047 0.464578 0.013281 0.0165641
0 0.379332 0.813358 0.0115558 0.0143113
0 0.187824 0.348864 0.0130129 0.0136207
0 0.0839723 0.289377 0.0181604 0.0201935
0 0.959157 0.76457 0.0158915 0.0163753
0 0.970971 0.326236 0.0133568 0.0149019
0 0.0785837 0.293707 0.0169839 0.0165734
0 0.322293 0.025046 0.011645 0.0109933
0 0.0357898 0.0198001 0.0133398 0.0102017
0 0.0879616 0.285485 0.014228 0.0170052
0 0.597282 0.273531 0.0135787 0.017736
0 0.380087 0.943086 0.0160681 0.0210567
0 0.280344 0.710131 0.0139269 0.0154382
0 0.438522 0.2195 0.0120534 0.0119877
0 0.773123 0.601219 0.0114098 0.0131644
0 0.796537 0.991472 0.0177285 0.0162134
0 0.225885 0.445684 0.0142215 0.0119398
0 0.232122 0.741806 0.0164764 0.0117097
0 0.695986 0.709477 0.0139581 0.0142618
0 0.282013 0.900003 0.0138869 0.0121688
0 0.46709 0.301419 0.0177141 0.0188372
0 0.509782 0.747758 0.016466 0.0146898
0 0.191229 0.529555 0.0148623 0.0146945
0 0.997133 0.224988 0.00601683 0.0223746
0 0.744946 0.39097 0.0131814 0.0204985
0 0.490318 0.283023 0.0149841 0.0159793
0 0.451791 0.173173 0.0124102 0.0160504
0 0.346804 0.235462 0.0118706 0.0169928
0 0.612716 0.550588 0.0102726 0.0143137
0 0.528831 0.448188 0.0108707 0.0108011
0 0.250362 0.473 0.0154975 0.0113833
0 0.539995 0.276082 0.0118884 0.0132793
0 0.455254 0.284412 0.017097 0.0238981
0 0.161938 0.273805 0.0114201 0.0128068
0 0.623954 0.545065 0.0113704 0.0181506
0 0.164835 0.337456 0.0178602 0.0139935
0 0.38858 0.931807 0.0149074 0.019009
0 0.280877 0.876746 0.0145159 0.0193882
