0 0.772204 0.68501 0.022168 0.0178843
0 0.984367 0.863666 0.0270426 0.0247843
0 0.614046 0.545999 0.0140471 0.0199488
0 0.256155 0.517509 0.0241093 0.0184236
0 0.911476 0.358212 0.0190814 0.024301
0 0.0217378 0.163755 0.0166851 0.0157715
0 0.0273008 0.437814 0.0120559 0.0231875
0 0.636176 0.8143 0.0178654 0.0178733
0 0.381458 0.940495 0.0201609 0.0264574
0 0.335616 0.549082 0.0189138 0.0163162
0 0.365634 0.639838 0.0142719 0.0130713
0 0.184612 0.860937 0.0160693 0.0246091
0 0.285185 0.98558 0.0288036 0.026444
0 0.0275247 0.873327 0.017829 0.0159422
0 0.0366711 0.519675 0.0157694 0.0175716
0 0.390347 0.497452 0.0180214 0.0185008
0 0.659138 0.755872 0.025397 0.0250797
0 0.115216 0.106438 0.0120302 0.01918
0 0.82954 0.614837 0.0307238 0.0298804
0 0.452365 0.0124372 0.0144998 0.0202085
0 0.165717 0.342732 0.0232137 0.0212913
0 0.756033 0.418211 0.0199407 0.0221584
0 0.551717 0.466775 0.0139077 0.0220125
0 0.588637 0.804334 0.016444 0.0118648
0 0.176572 0.352349 0.0230242 0.015349
0 0.19758 0.658976 0.0187023 0.0167792
0 0.136522 0.989221 0.016669 0.0201237
0 0.852228 0.329377 0.0255018 0.0133698
0 0.750937 0.991448 0.014549 0.0137991
0 0.191034 0.00427656 0.0214066 0.00827259
0 0.05102 0.127848 0.0127737 0.0195324
0 0.632516 0.396147 0.0156903 0.0199397
0 0.238744 0.342643 0.0127773 0.0163461
0 0.366649 0.992919 0.0130469 0.0136353
0 0.230214 0.136641 0.0137485 0.0152801
0 0.543114 0.387395 0.010665 0.0173145
0 0.624426 0.970603 0.0154332 0.0191439
0 0.416307 0.0537727 0.0116927 0.0164789
0 0.107412 0.627389 0.0221681 0.0279225
0 0.989277 0.766981 0.0141151 0.0176567
0 0.0494891 0.0862083 0.0130655 0.0149542
0 0.924816 0.278327 0.0189557 0.0231906
0 0.649103 0.638956 0.0214531 0.0227602
0 0.422958 0.279786 0.0168254 0.0217393
0 0.368471 0.753344 0.0124489 0.0128483
0 0.541127 0.269615 0.0161989 0.0246302
0 0.0699293 0.277706 0.0152499 0.0235052
0 0.271829 0.52607 0.013516 0.0114049
0 0.172818 0.258755 0.0164591 0.0177017
0 0.279425 0.879204 0.0172531 0.0237778
0 0.706876 0.404579 0.0141015 0.0168607
0 0.612642 0.600027 0.0132418 0.0172235
0 0.311595 0.00360048 0.0157285 0.00657442
0 0.0823703 0.290117 0.020573 0.0210047
0 0.353499 0.220895 0.0111766 0.0135139
0 0.535095 0.144546 0.0188694 0.0221596
0 0.388089 0.226334 0.015777 0.0138792
0 0.668867 0.19832 0.0144599 0.0195589
0 0.122069 0.291655 0.0196057 0.0263109
0 0.421028 0.416117 0.0122812 0.017952
0 0.379036 0.813 0.0118805 0.0150112
0 0.794208 0.996373 0.0122231 0.00720465
0 0.0596592 0.607146 0.0128555 0.0165486
0 0.00437962 0.182666 0.00984973 0.014954
0 0.191917 0.749718 0.0153458 0.020417
0 0.361022 0.739757 0.0230439 0.0228306
0 0.26552 0.90816 0.0130205 0.0128604
0 0.314653 0.289089 0.0169905 0.0199683
0 0.695149 0.708011 0.0150297 0.0149621
0 0.552188 0.558624 0.0132008 0.0172851
0 0.182386 0.552628 0.017284 0.0119165
0 0.728648 0.402333 0.0171622 0.019932
0 0.280027 0.70987 0.0135272 0.0155661
0 0.970947 0.326613 0.0127976 0.0145155
0 0.235874 0.740362 0.0134589 0.0112072
0 0.805254 0.605972 0.018261 0.0197482
0 0.597133 0.273247 0.014081 0.0175858
0 0.958949 0.764764 0.0144272 0.0138609
0 0.904721 0.464286 0.0126713 0.0163826
0 0.879625 0.811559 0.0224834 0.0182256
0 0.988497 0.26068 0.0119474 0.0170848
0 0.275907 0.360053 0.0140937 0.0159224
0 0.85789 0.164659 0.0209861 0.0199454
0 0.354815 0.740401 0.0125333 0.0188524
0 0.7829 0.651057 0.01435 0.0173383
0 0.437972 0.219962 0.0113837 0.0122651
0 0.0356168 0.0195818 0.0120827 0.0102092
0 0.455185 0.284164 0.0166198 0.0232986
0 0.381596 0.192764 0.0125299 0.0272773
0 0.773141 0.601868 0.0118769 0.0131644
0 0.379698 0.943306 0.0161496 0.0209705
0 0.0887866 0.677103 0.0198541 0.0229299
0 0.46575 0.301519 0.017102 0.0190235
0 0.516882 0.0299995 0.0185394 0.013489
0 0.191456 0.529513 0.015398 0.0145016
0 0.539972 0.27679 0.011844 0.0138004
0 0.847544 0.844602 0.0168393 0.0150144
0 0.452016 0.695229 0.010848 0.0127461
0 0.509858 0.747383 0.0176533 0.0156156
0 0.490871 0.283429 0.0176024 0.0174275
0 0.697402 0.512182 0.0115147 0.0120515
0 0.451751 0.173424 0.0120495 0.0155165
0 0.528846 0.448266 0.0110043 0.0101705
0 0.99615 0.226039 0.0079607 0.0235372
0 0.34655 0.235183 0.0122818 0.0173788
0 0.401569 0.906293 0.0130297 0.0190579
0 0.164035 0.339127 0.0184669 0.0162468
