0 0.772226 0.685036 0.0221151 0.0177474
0 0.0219388 0.163631 0.0170076 0.0160169
0 0.98416 0.863755 0.02771 0.0251113
0 0.255873 0.517735 0.0238017 0.0186466
0 0.0278868 0.438086 0.0116674 0.0244793
0 0.911347 0.358351 0.0197096 0.0258024
0 0.636458 0.814284 0.0175882 0.0181526
0 0.365723 0.639432 0.0144768 0.0133525
0 0.335935 0.549249 0.0191728 0.0171434
0 0.382118 0.939809 0.020395 0.0268694
0 0.115135 0.106747 0.0115434 0.0177564
0 0.659188 0.756339 0.0240085 0.0243109
0 0.390046 0.49713 0.0183085 0.0189347
0 0.82964 0.614848 0.0310925 0.0293648
0 0.452171 0.0123732 0.0138423 0.0192221
0 0.611592 0.611298 0.0109728 0.0205308
0 0.184267 0.861619 0.0161951 0.0238315
0 0.647405 0.63756 0.0210056 0.0229764
0 0.284632 0.985234 0.031144 0.027308
0 0.551873 0.467304 0.0136858 0.0215631
0 0.989316 0.767 0.0153466 0.0187844
0 0.190804 0.00406119 0.0220623 0.00777217
0 0.809181 0.392875 0.0111805 0.023302
0 0.165305 0.340237 0.0208671 0.018755
0 0.197586 0.658816 0.0190937 0.016505
0 0.0358975 0.520573 0.0152755 0.0169538
0 0.852657 0.329431 0.0254135 0.0135982
0 0.0510759 0.127056 0.0124923 0.0196638
0 0.542949 0.387504 0.0106026 0.0169877
0 0.668522 0.198108 0.0144056 0.0197283
0 0.63235 0.396336 0.0160462 0.0194004
0 0.0278797 0.874498 0.0178606 0.0155602
0 0.107495 0.627589 0.0214964 0.0272063
0 0.901742 0.237078 0.0213642 0.0187903
0 0.135958 0.987036 0.0171613 0.0206027
0 0.588926 0.80386 0.0144554 0.0111506
0 0.0493457 0.0859031 0.0124914 0.0149926
0 0.366802 0.992783 0.0133483 0.0140549
0 0.179231 0.351311 0.0222955 0.0169111
0 0.367691 0.753462 0.0131414 0.013126
0 0.311559 0.00345413 0.0165123 0.0065048
0 0.513733 0.0184889 0.0119883 0.0167043
0 0.624402 0.970518 0.0159776 0.0198408
0 0.353355 0.220637 0.0114267 0.0136993
0 0.169873 0.267403 0.0168048 0.014935
0 0.360673 0.739688 0.0228213 0.0241584
0 0.0702408 0.277827 0.0147091 0.0226887
0 0.272073 0.525745 0.0136614 0.012048
0 0.121808 0.293146 0.018692 0.0239745
0 0.0044549 0.182793 0.0102122 0.0144313
0 0.239178 0.342413 0.0126973 0.0156721
0 0.750506 0.99175 0.0151461 0.0144314
0 0.92471 0.277953 0.0178113 0.0218922
0 0.685657 0.512945 0.0124053 0.0111399
0 0.280723 0.878701 0.0168254 0.0235085
0 0.959619 0.764614 0.0157487 0.0154792
0 0.258511 0.470005 0.0170442 0.0136803
0 0.74749 0.861693 0.0161805 0.0168587
0 0.618737 0.546612 0.0159002 0.0198507
0 0.42114 0.416196 0.0119872 0.0176458
0 0.0601801 0.606866 0.0127795 0.015689
0 0.417014 0.0535072 0.0122336 0.0162663
0 0.0832808 0.289597 0.0189248 0.0210513
0 0.541241 0.269378 0.016101 0.0239296
0 0.387747 0.226165 0.0163596 0.0140191
0 0.191671 0.749729 0.0161646 0.0204055
0 0.271293 0.90191 0.0123668 0.0134165
0 0.535261 0.145184 0.0183288 0.0222017
0 0.422943 0.279817 0.016868 0.0219195
0 0.805255 0.605568 0.0185446 0.0199952
0 0.182243 0.55244 0.016771 0.0125438
0 0.986964 0.261082 0.0147844 0.0186681
0 0.79509 0.991691 0.0164851 0.0152547
0 0.438149 0.219313 0.0109497 0.0113153
0 0.234014 0.740772 0.0160241 0.012028
0 0.275945 0.359699 0.0151886 0.0167854
0 0.445102 0.695863 0.0116119 0.0118628
0 0.321767 0.0249897 0.0120863 0.010882
0 0.313958 0.289255 0.0164872 0.0187417
0 0.87952 0.811879 0.0243219 0.0185808
0 0.707349 0.413991 0.0120608 0.0138972
0 0.847634 0.844021 0.0165367 0.0162306
0 0.19174 0.528834 0.0147158 0.0146855
0 0.379495 0.813338 0.0112034 0.0145736
0 0.597251 0.273401 0.0139372 0.0177312
0 0.381609 0.192186 0.013094 0.027294
0 0.7869 0.645798 0.0118747 0.0120585
0 0.728372 0.401682 0.0159729 0.0170925
0 0.0362605 0.01965 0.0117579 0.0108756
0 0.280268 0.710245 0.0144151 0.0163468
0 0.91785 0.553417 0.0182929 0.0239797
0 0.509845 0.747554 0.0179566 0.015246
0 0.996654 0.225554 0.00692463 0.0229214
0 0.971113 0.326637 0.0117247 0.0142642
0 0.451817 0.172872 0.0124463 0.0162278
0 0.466077 0.301618 0.01706 0.0181083
0 0.539844 0.276497 0.0117695 0.013019
0 0.612122 0.5502 0.0105847 0.0145857
0 0.695485 0.707005 0.0161524 0.0152621
0 0.380208 0.942905 0.0162035 0.0210007
0 0.528142 0.447882 0.011614 0.0104666
0 0.346363 0.235388 0.0123329 0.0176813
0 0.455068 0.284291 0.0164693 0.0234863
0 0.164212 0.337385 0.0176234 0.0144122
0 0.401709 0.906354 0.0128002 0.0195435
0 0.490932 0.283083 0.0169743 0.0165557
0 0.622642 0.544632 0.0108471 0.017763
0 0.184273 0.348844 0.0157107 0.014226
0 0.0790367 0.294853 0.0157494 0.0162582
