0 0.771961 0.68486 0.0226052 0.0182391
0 0.984272 0.864174 0.0274225 0.0267419
0 0.911237 0.358446 0.0200185 0.0260341
0 0.0217744 0.163701 0.0161805 0.0154347
0 0.647787 0.638613 0.0223597 0.0259314
0 0.335778 0.549144 0.0194891 0.0170374
0 0.636511 0.814157 0.0182246 0.0180695
0 0.390216 0.497028 0.018137 0.0192578
0 0.365698 0.639669 0.0145264 0.0137409
0 0.381713 0.940108 0.0196727 0.0258723
0 0.659524 0.755869 0.0247023 0.0249894
0 0.632457 0.396322 0.0163515 0.0199867
0 0.255018 0.517721 0.0212003 0.0182116
0 0.828892 0.615053 0.0300513 0.0285857
0 0.668473 0.197665 0.0157823 0.0203725
0 0.0281849 0.437518 0.0109725 0.021769
0 0.115036 0.10693 0.0111933 0.0177135
0 0.285152 0.98557 0.0291369 0.0265772
0 0.0495735 0.0857755 0.0129574 0.015661
0 0.808773 0.391583 0.0121123 0.0225667
0 0.452094 0.012399 0.0142601 0.0193332
0 0.107318 0.627449 0.0211451 0.026628
0 0.197589 0.658586 0.0184532 0.0165093
0 0.165881 0.340897 0.0220798 0.0194088
0 0.551891 0.467517 0.0138899 0.0226501
0 0.190858 0.00403171 0.0220133 0.00768181
0 0.989408 0.766252 0.016198 0.0198709
0 0.543275 0.387422 0.011815 0.0183668
0 0.0362861 0.519919 0.0150317 0.0170593
0 0.360728 0.739739 0.0222656 0.0242255
0 0.184616 0.860329 0.0169349 0.0259959
0 0.0510779 0.127002 0.0128903 0.0192633
0 0.0601388 0.607076 0.0123823 0.0153893
0 0.0278094 0.874668 0.0175415 0.0184702
0 0.851662 0.329465 0.0239795 0.0129158
0 0.588562 0.804273 0.0144278 0.0110799
0 0.27211 0.525685 0.0136017 0.0117859
0 0.367841 0.753209 0.0127828 0.0124117
0 0.986541 0.261419 0.0148497 0.0184622
0 0.366934 0.992559 0.01328 0.0143547
0 0.612564 0.614049 0.0098033 0.0209907
0 0.168759 0.264274 0.0158198 0.0130341
0 0.619938 0.545401 0.0149385 0.0203998
0 0.136189 0.986636 0.016015 0.0200458
0 0.353633 0.220837 0.0118964 0.0140298
0 0.0701351 0.277816 0.0148033 0.0228688
0 0.90148 0.23756 0.0214778 0.0192613
0 0.750713 0.991525 0.015021 0.0148141
0 0.845415 0.329598 0.0129318 0.0119308
0 0.311591 0.0034202 0.0171728 0.00629435
0 0.00401416 0.182708 0.00957035 0.0135703
0 0.421041 0.416546 0.0117326 0.0174279
0 0.180327 0.351588 0.0208815 0.0163354
0 0.239389 0.342454 0.0123022 0.0151733
0 0.624136 0.970727 0.016544 0.019645
0 0.924642 0.278362 0.0195635 0.0235562
0 0.708157 0.415532 0.0132884 0.0136425
0 0.182239 0.552454 0.0170052 0.0125087
0 0.257241 0.470913 0.0179977 0.0136897
0 0.416583 0.0537104 0.0113896 0.0143711
0 0.51405 0.0184089 0.0113685 0.0163543
0 0.388078 0.22623 0.0163765 0.0141634
0 0.379451 0.813221 0.0122338 0.0143284
0 0.42304 0.279733 0.0161202 0.0211497
0 0.275632 0.359808 0.0145074 0.0161343
0 0.804911 0.605603 0.0181323 0.0188559
0 0.788168 0.645545 0.0130369 0.0125511
0 0.847751 0.8441 0.0171116 0.0157259
0 0.879644 0.812183 0.024229 0.0200931
0 0.313771 0.288407 0.0164744 0.0189694
0 0.191716 0.750019 0.0156829 0.0199168
0 0.121752 0.293162 0.0173672 0.0227295
0 0.959166 0.765214 0.0153623 0.0164105
0 0.745101 0.397716 0.0132731 0.0125703
0 0.534552 0.144279 0.0179208 0.0211868
0 0.19158 0.529207 0.0145109 0.0142521
0 0.0851619 0.288925 0.0173106 0.019622
0 0.0358654 0.0197194 0.0125424 0.0110901
0 0.795847 0.991462 0.01752 0.0162565
0 0.772872 0.289962 0.0171143 0.023818
0 0.322133 0.0251927 0.0124348 0.0119294
0 0.695945 0.707638 0.015774 0.0155923
0 0.280148 0.71002 0.0134788 0.0158716
0 0.438017 0.219818 0.011977 0.0129546
0 0.597043 0.273552 0.0143255 0.017836
0 0.683801 0.505592 0.0117888 0.0136776
0 0.380076 0.942998 0.0159721 0.0206559
0 0.233419 0.74099 0.0149521 0.0112433
0 0.772901 0.601802 0.0122442 0.012924
0 0.381448 0.191644 0.012742 0.0252796
0 0.996414 0.22586 0.00762272 0.0234834
0 0.509901 0.747818 0.0181531 0.0152733
0 0.225571 0.445863 0.01407 0.0113539
0 0.272743 0.899651 0.011797 0.0125178
0 0.74759 0.861554 0.0160071 0.0160619
0 0.971193 0.326765 0.0126822 0.0144795
0 0.528734 0.448054 0.0116231 0.0111772
0 0.466313 0.301689 0.0172781 0.0182448
0 0.993211 0.27919 0.0136966 0.0173099
0 0.455225 0.284076 0.0164604 0.0232185
0 0.539731 0.276617 0.0120535 0.0127065
0 0.491284 0.283124 0.0147631 0.015316
0 0.728255 0.401635 0.014928 0.0163851
0 0.401586 0.905912 0.0135032 0.0193309
0 0.164948 0.338013 0.0181754 0.0149508
0 0.346652 0.235472 0.0125725 0.0177841
0 0.529554 0.97368 0.0309968 0.0275693
0 0.185391 0.348881 0.0144413 0.0139676
0 0.231618 0.122939 0.014216 0.0143798
0 0.078459 0.294912 0.0151557 0.0154178
