0 0.61455 0.546465 0.0146383 0.0187677
0 0.771864 0.685231 0.0218099 0.0176871
0 0.256161 0.517676 0.0242539 0.0187466
0 0.0285678 0.438482 0.0110293 0.0254144
0 0.636032 0.813888 0.0173451 0.0170918
0 0.0216032 0.164088 0.0161621 0.0166442
0 0.335405 0.549233 0.0182483 0.0160995
0 0.381486 0.940495 0.0201489 0.0265707
0 0.98436 0.864066 0.0267094 0.0252311
0 0.365771 0.639771 0.0143625 0.0135508
0 0.28479 0.985304 0.0286585 0.0271195
0 0.659197 0.756126 0.0248863 0.0248737
0 0.910691 0.358135 0.0194263 0.0254656
0 0.389773 0.496873 0.0185628 0.0187441
0 0.452401 0.0119681 0.0141866 0.0190807
0 0.0275595 0.873691 0.0186524 0.0168676
0 0.589303 0.804115 0.0159122 0.0124946
0 0.829574 0.614306 0.0302565 0.0296907
0 0.551882 0.467179 0.0135913 0.0218239
0 0.851385 0.329093 0.0246845 0.014192
0 0.614199 0.589771 0.0107051 0.0175589
0 0.632328 0.396925 0.014272 0.0179576
0 0.191928 0.0042304 0.020594 0.00820176
0 0.0495602 0.0862866 0.0130737 0.0153762
0 0.66775 0.197797 0.0148235 0.0179145
0 0.18476 0.861288 0.0162176 0.0253463
0 0.114831 0.107206 0.011182 0.018258
0 0.16451 0.340796 0.02042 0.018647
0 0.176806 0.352008 0.0218986 0.0153921
0 0.750864 0.991654 0.0143487 0.0139077
0 0.711255 0.508555 0.0142239 0.0166128
0 0.0363 0.520384 0.0142261 0.0162805
0 0.197407 0.658749 0.0185172 0.0169374
0 0.312053 0.00345674 0.0158275 0.00668093
0 0.238828 0.342519 0.01322 0.0167263
0 0.368241 0.752728 0.0125245 0.0121174
0 0.177542 0.259762 0.0117409 0.0189448
0 0.191848 0.749942 0.0154565 0.0204728
0 0.3664 0.992753 0.0132028 0.0139748
0 0.924648 0.278471 0.0179467 0.0220045
0 0.135425 0.990878 0.0186134 0.0173357
0 0.107173 0.627393 0.0217441 0.0270922
0 0.0699992 0.278149 0.0140556 0.022945
0 0.988468 0.76753 0.013237 0.0172204
0 0.361007 0.740358 0.0230622 0.0244373
0 0.271611 0.525976 0.0128847 0.0113839
0 0.543229 0.387856 0.0100886 0.016076
0 0.353548 0.220801 0.0117053 0.0139874
0 0.0606586 0.608101 0.0128037 0.0184485
0 0.552206 0.558876 0.013157 0.0177131
0 0.760362 0.420182 0.015426 0.0185164
0 0.70699 0.407415 0.0124822 0.0133904
0 0.422934 0.279713 0.01633 0.0216377
0 0.388005 0.226229 0.0158098 0.0141487
0 0.541402 0.269592 0.0162316 0.0245038
0 0.0827036 0.289725 0.0194998 0.0208782
0 0.535581 0.145335 0.0199398 0.0220332
0 0.624328 0.970654 0.0161606 0.0199261
0 0.988885 0.260919 0.0113879 0.0167443
0 0.122358 0.291538 0.0196777 0.0262097
0 0.901634 0.23669 0.0212113 0.0174659
0 0.437963 0.219316 0.0111769 0.0126319
0 0.415769 0.0542417 0.0112769 0.014832
0 0.79911 0.996263 0.0144942 0.0076099
0 0.421243 0.41623 0.011754 0.0178427
0 0.959028 0.76418 0.0156337 0.0156677
0 0.227552 0.142864 0.0123658 0.0188253
0 0.259314 0.909981 0.0140961 0.0157601
0 0.728941 0.402177 0.0165732 0.0190992
0 0.772133 0.290444 0.0186449 0.026322
0 0.31423 0.288479 0.0167178 0.0195933
0 0.807365 0.429992 0.0120593 0.0136525
0 0.279491 0.878865 0.0160809 0.0214611
0 0.00425179 0.182658 0.00977221 0.0143135
0 0.379473 0.813266 0.0110336 0.0145845
0 0.322101 0.0251915 0.013076 0.0122488
0 0.0357066 0.0197292 0.0118766 0.0104995
0 0.509146 0.747773 0.0173118 0.0150226
0 0.182051 0.552573 0.0169015 0.013465
0 0.381748 0.192506 0.0135705 0.0279639
0 0.122559 0.291625 0.0197613 0.0262034
0 0.496528 0.718724 0.0145307 0.0147537
0 0.904678 0.464178 0.0128127 0.0162224
0 0.996486 0.22433 0.00744495 0.0215954
0 0.693616 0.399333 0.0120697 0.0110656
0 0.191606 0.529071 0.014634 0.0145626
0 0.613292 0.70173 0.0195863 0.0231526
0 0.275595 0.360261 0.0134335 0.0158513
0 0.804998 0.605598 0.0183957 0.0201547
0 0.763646 0.418957 0.0106215 0.0165851
0 0.747318 0.86128 0.0139322 0.0144683
0 0.465948 0.301876 0.0174231 0.0184821
0 0.971146 0.326731 0.0118113 0.0149314
0 0.597237 0.273398 0.014002 0.0177338
0 0.773106 0.601869 0.0111841 0.0139357
0 0.807604 0.404337 0.0118438 0.0255154
0 0.775087 0.646327 0.0108489 0.0233649
0 0.694866 0.708259 0.0150108 0.0138665
0 0.528934 0.448854 0.0125473 0.0108212
0 0.705378 0.994245 0.0267782 0.0112979
0 0.726597 0.664296 0.0105487 0.0165937
0 0.539887 0.276701 0.01188 0.0132706
0 0.225712 0.44629 0.0150682 0.0125558
0 0.723844 0.422129 0.0121111 0.0175306
0 0.516295 0.0296205 0.0183818 0.0137364
0 0.455101 0.284299 0.0166974 0.0235413
0 0.379748 0.943385 0.0162551 0.0210322
0 0.279343 0.70983 0.0124911 0.0145004
0 0.346268 0.235371 0.0125489 0.017542
0 0.847168 0.845258 0.0148883 0.0159389
0 0.163849 0.338195 0.0177413 0.0153238
0 0.452125 0.173087 0.0118526 0.0147157
0 0.401235 0.905965 0.0125635 0.0178957
