0 0.771745 0.685364 0.0216172 0.0172389
0 0.984258 0.864088 0.0264117 0.0248415
0 0.648624 0.640731 0.022788 0.0237139
0 0.255885 0.517737 0.0236498 0.0186632
0 0.910853 0.358269 0.0200294 0.0260959
0 0.381271 0.940332 0.0202013 0.0270475
0 0.0218825 0.163803 0.0168461 0.0157795
0 0.636308 0.814326 0.0168494 0.0170926
0 0.335354 0.549166 0.0188335 0.016102
0 0.0289287 0.438783 0.0117011 0.0264372
0 0.284994 0.985228 0.0307947 0.0276803
0 0.614319 0.547519 0.0143034 0.0175365
0 0.6595 0.756409 0.0237581 0.0234649
0 0.365974 0.63989 0.0136571 0.0126991
0 0.0278395 0.873236 0.0182541 0.0158533
0 0.829909 0.614643 0.0305996 0.0298598
0 0.712508 0.512419 0.0155104 0.0174654
0 0.166664 0.343647 0.0251992 0.0226011
0 0.390238 0.497304 0.0177325 0.019163
0 0.751231 0.991536 0.0166291 0.0151311
0 0.0495253 0.0866582 0.0133789 0.0156044
0 0.184484 0.860746 0.0154368 0.0238677
0 0.851541 0.329232 0.0245034 0.0131354
0 0.115001 0.106953 0.0113289 0.0187854
0 0.452531 0.0123609 0.0151557 0.0200169
0 0.191691 0.00411031 0.020774 0.00794227
0 0.0363293 0.520023 0.0151083 0.0169209
0 0.589457 0.803719 0.0149608 0.0114436
0 0.632117 0.397273 0.014352 0.0177529
0 0.0510601 0.127392 0.0126262 0.0197708
0 0.551785 0.467076 0.0141835 0.0223542
0 0.175888 0.352308 0.0213661 0.0157204
0 0.107224 0.627563 0.0222187 0.0278074
0 0.542951 0.387493 0.0104211 0.0171284
0 0.366682 0.992502 0.0128547 0.014384
0 0.23932 0.342327 0.011938 0.0161467
0 0.197763 0.658692 0.0179803 0.0165443
0 0.988935 0.767341 0.0142795 0.0170307
0 0.368677 0.753149 0.0128986 0.0118459
0 0.415904 0.0536155 0.0114588 0.0145712
0 0.624761 0.9705 0.0167595 0.0212337
0 0.279425 0.878267 0.0157785 0.0208747
0 0.379065 0.812997 0.0114221 0.0138897
0 0.616318 0.589944 0.0102018 0.0171585
0 0.706414 0.407459 0.0134598 0.0129138
0 0.312524 0.00412728 0.0160985 0.00854604
0 0.38827 0.226533 0.0163411 0.0151048
0 0.421383 0.415929 0.0131446 0.0197855
0 0.271967 0.525485 0.0135845 0.0120294
0 0.541469 0.269512 0.0164883 0.0245224
0 0.552 0.55909 0.0132372 0.0176301
0 0.082845 0.289907 0.0193258 0.0205016
0 0.342746 0.0647211 0.0104701 0.0174637
0 0.765263 0.429211 0.0203147 0.0252822
0 0.7463 0.861059 0.0168524 0.0141009
0 0.771725 0.291202 0.0202617 0.0287125
0 0.353243 0.221107 0.0113134 0.0141992
0 0.0699745 0.278085 0.014752 0.0228006
0 0.0602147 0.607313 0.0133074 0.016551
0 0.191878 0.749651 0.0150939 0.0198443
0 0.361407 0.740699 0.0232971 0.0242537
0 0.596915 0.272973 0.0146984 0.0182441
0 0.534786 0.144486 0.0195153 0.0212204
0 0.182239 0.552529 0.0181841 0.0127734
0 0.235788 0.739121 0.014119 0.0110269
0 0.422756 0.27978 0.0170162 0.0221865
0 0.321647 0.0246664 0.0121344 0.0103599
0 0.924784 0.278091 0.0184714 0.0231467
0 0.0361149 0.0194978 0.0126063 0.0100645
0 0.438265 0.2198 0.0119809 0.0132996
0 0.729003 0.402339 0.0166981 0.019172
0 0.314177 0.289028 0.0172821 0.0190044
0 0.989048 0.26035 0.0113811 0.0162166
0 0.798701 0.995745 0.013841 0.00858319
0 0.669896 0.198168 0.0149601 0.0161864
0 0.00389506 0.182549 0.00933453 0.014174
0 0.191311 0.529074 0.0146113 0.0138483
0 0.23095 0.152464 0.0149953 0.0152636
0 0.275952 0.359887 0.0136958 0.0153503
0 0.904784 0.464194 0.0130001 0.0161157
0 0.687752 0.403133 0.0114086 0.0119168
0 0.959211 0.764698 0.0154008 0.0155296
0 0.180168 0.250752 0.0143654 0.015151
0 0.847975 0.844949 0.0167389 0.0153341
0 0.13149 0.992261 0.0148179 0.0153066
0 0.808046 0.405695 0.0119262 0.0264181
0 0.122121 0.2923 0.0191294 0.0263571
0 0.355183 0.740734 0.0129372 0.0195371
0 0.381693 0.192377 0.0125586 0.0270078
0 0.767235 0.428019 0.0141935 0.0180116
0 0.46566 0.301464 0.0178309 0.0191119
0 0.804647 0.605801 0.0188597 0.0205688
0 0.776023 0.655234 0.0132016 0.0105805
0 0.279399 0.709956 0.0128706 0.0152388
0 0.69417 0.707978 0.0155107 0.0134344
0 0.729001 0.670099 0.00943255 0.0142688
0 0.703225 0.994735 0.0251156 0.0105189
0 0.254224 0.903525 0.0128913 0.01689
0 0.970916 0.327085 0.0117203 0.0146015
0 0.99586 0.22567 0.0087985 0.0223809
0 0.226003 0.446238 0.0145912 0.0125454
0 0.540191 0.276626 0.0121253 0.0134497
0 0.346523 0.234974 0.0128964 0.0185027
0 0.455134 0.284284 0.0170343 0.0239777
0 0.459625 0.696881 0.0121041 0.015381
0 0.379446 0.943335 0.0162065 0.0212034
0 0.723553 0.422271 0.0131896 0.0177643
0 0.517211 0.0270289 0.0193022 0.0123335
0 0.401535 0.905943 0.0121208 0.016966
0 0.773451 0.601606 0.0130799 0.0149689
0 0.163807 0.339797 0.0189058 0.0170697
0 0.613314 0.701359 0.0197381 0.0229754
