0 0.772098 0.684961 0.0225999 0.0184107
0 0.911106 0.358207 0.0193619 0.0245834
0 0.984213 0.863421 0.0272179 0.0245886
0 0.615767 0.547782 0.0168263 0.0186397
0 0.0215708 0.163762 0.0165981 0.0161225
0 0.255406 0.517731 0.0224505 0.0185721
0 0.381587 0.940252 0.020332 0.02739
0 0.335787 0.549132 0.0193878 0.0163383
0 0.636796 0.814148 0.0182221 0.0180887
0 0.0275715 0.437508 0.0115662 0.0225397
0 0.365653 0.639792 0.0148065 0.0130855
0 0.659659 0.756276 0.0258171 0.0254867
0 0.285124 0.985372 0.0291147 0.0268165
0 0.829221 0.615079 0.0302958 0.0288218
0 0.551532 0.466961 0.0148435 0.0226028
0 0.452284 0.0122554 0.0145404 0.0197904
0 0.184593 0.860716 0.0159458 0.0249538
0 0.390661 0.497434 0.0190521 0.0189104
0 0.588666 0.804348 0.0158531 0.0119411
0 0.190906 0.00403146 0.0206834 0.0078502
0 0.114897 0.106215 0.0106055 0.0177945
0 0.632184 0.396795 0.0154016 0.0191644
0 0.164739 0.3409 0.0201436 0.0183876
0 0.988734 0.766624 0.0162673 0.0201046
0 0.17744 0.352651 0.0224 0.0149254
0 0.0361323 0.519571 0.0150051 0.0174702
0 0.280246 0.879171 0.0177298 0.0238528
0 0.668281 0.197983 0.0148264 0.0193577
0 0.361104 0.739695 0.0229778 0.0250008
0 0.197899 0.658811 0.0189119 0.0166291
0 0.851636 0.329491 0.0242489 0.0128424
0 0.416345 0.0534379 0.0122213 0.0159719
0 0.624647 0.970849 0.0162004 0.0198413
0 0.107303 0.627492 0.0216164 0.0266888
0 0.924691 0.278 0.0183777 0.0227814
0 0.649638 0.638758 0.0240722 0.0244098
0 0.136896 0.985481 0.0144512 0.023335
0 0.0273541 0.873776 0.0174332 0.015227
0 0.366734 0.992525 0.0135374 0.0143667
0 0.750728 0.991083 0.0153199 0.0153579
0 0.238944 0.342375 0.0124248 0.0159386
0 0.543003 0.387878 0.0105886 0.017289
0 0.609628 0.599208 0.0128838 0.0177871
0 0.0508019 0.127681 0.0127353 0.0190896
0 0.191985 0.749801 0.0155131 0.0209521
0 0.367869 0.752862 0.0134275 0.0133693
0 0.0699797 0.277941 0.014727 0.022999
0 0.311365 0.00363438 0.016546 0.0068315
0 0.271713 0.526042 0.0132559 0.0116358
0 0.121874 0.292865 0.0186091 0.0249487
0 0.353522 0.220684 0.0114595 0.013951
0 0.230861 0.135149 0.0119383 0.015745
0 0.541114 0.269557 0.0161208 0.0239654
0 0.422984 0.279644 0.0165638 0.0218788
0 0.00458085 0.182959 0.0102355 0.0154112
0 0.0493932 0.0859931 0.01279 0.0148515
0 0.421114 0.416297 0.0120801 0.0179541
0 0.70728 0.407601 0.0140467 0.0192106
0 0.059991 0.607201 0.0127236 0.0161381
0 0.845594 0.329699 0.0135477 0.0119751
0 0.0828636 0.29017 0.0193995 0.020383
0 0.534969 0.144923 0.0190306 0.0216005
0 0.7575 0.409211 0.0127294 0.0168408
0 0.858584 0.164326 0.0213018 0.0206489
0 0.746236 0.86146 0.0156085 0.0143533
0 0.182273 0.552868 0.0171686 0.0122553
0 0.38741 0.225822 0.015426 0.0135299
0 0.698155 0.506204 0.0120695 0.0212058
0 0.904775 0.464017 0.012516 0.0160311
0 0.0791855 0.293723 0.0176623 0.0165002
0 0.233564 0.740126 0.0149611 0.0120729
0 0.597033 0.273386 0.0146036 0.0188633
0 0.987576 0.261787 0.0123001 0.0180285
0 0.970852 0.326836 0.012476 0.014487
0 0.772058 0.290311 0.0191979 0.0281219
0 0.314048 0.288953 0.0166806 0.0203181
0 0.958946 0.766235 0.0155707 0.0173103
0 0.379162 0.812819 0.0110274 0.0143917
0 0.847761 0.844065 0.0169436 0.0161101
0 0.279663 0.709789 0.0132323 0.0151718
0 0.695354 0.707944 0.016423 0.0156218
0 0.191546 0.528868 0.014432 0.0140042
0 0.0361049 0.0197639 0.0130709 0.0106464
0 0.878786 0.812258 0.0262965 0.0211903
0 0.729329 0.4022 0.014628 0.0184078
0 0.321935 0.0245837 0.013203 0.0114104
0 0.465848 0.301711 0.0172865 0.0189874
0 0.916608 0.553826 0.0185535 0.0258116
0 0.805128 0.606215 0.018997 0.0204655
0 0.381731 0.192816 0.0120143 0.0269771
0 0.796129 0.993126 0.0145735 0.0128717
0 0.275779 0.360018 0.013667 0.0156646
0 0.43777 0.219988 0.0113745 0.0123321
0 0.45494 0.284082 0.0161852 0.0232591
0 0.265541 0.909612 0.0124565 0.0144211
0 0.723586 0.421549 0.0119256 0.0184908
0 0.539892 0.276394 0.0120695 0.0136598
0 0.283044 0.406523 0.0167978 0.0208004
0 0.0888255 0.676643 0.0199679 0.0243912
0 0.225899 0.446162 0.0153663 0.0123191
0 0.528345 0.448086 0.0118784 0.0112478
0 0.996173 0.225797 0.00818758 0.023532
0 0.379955 0.943273 0.0166429 0.0213933
0 0.773399 0.602178 0.0116449 0.0148369
0 0.509259 0.747677 0.0171636 0.015487
0 0.78652 0.650927 0.0135431 0.0138202
0 0.49089 0.2832 0.0169792 0.017192
0 0.346505 0.235257 0.0125936 0.0174339
0 0.164007 0.33798 0.0174603 0.0142663
0 0.520175 0.0229456 0.0151906 0.01626
0 0.809164 0.400688 0.0101324 0.0231385
0 0.741481 0.497161 0.0175952 0.0155144
0 0.452142 0.173279 0.0123915 0.015053
