0 0.61487 0.546539 0.0152305 0.0193931
0 0.984188 0.86345 0.027226 0.0253544
0 0.0215036 0.163871 0.0162337 0.0164518
0 0.771978 0.685127 0.0207675 0.017215
0 0.910774 0.35841 0.0198554 0.0256814
0 0.255666 0.517645 0.0229328 0.0181456
0 0.636082 0.813974 0.016289 0.0161378
0 0.0278539 0.437544 0.0108815 0.023096
0 0.335515 0.548855 0.018592 0.0161614
0 0.365707 0.639697 0.0142018 0.0128731
0 0.65929 0.756274 0.0238806 0.0243633
0 0.28477 0.985636 0.0295361 0.0265483
0 0.381109 0.940915 0.0196022 0.0254551
0 0.829307 0.614741 0.0311682 0.0297234
0 0.168098 0.344231 0.0274577 0.0233274
0 0.0278739 0.873038 0.0178749 0.0154186
0 0.389682 0.496486 0.0181495 0.0182356
0 0.551772 0.467354 0.0138991 0.0219355
0 0.115052 0.106906 0.0112497 0.0179857
0 0.750959 0.991321 0.0148091 0.0143989
0 0.649424 0.640723 0.0214802 0.0237375
0 0.190763 0.00422227 0.0212502 0.00810612
0 0.589362 0.803997 0.01424 0.0112977
0 0.632191 0.396878 0.0143795 0.0182619
0 0.850864 0.329323 0.0232658 0.013224
0 0.757638 0.423488 0.0228182 0.0207919
0 0.0495021 0.0864536 0.0127862 0.0149249
0 0.197517 0.658818 0.0186896 0.0170591
0 0.107349 0.627455 0.0218594 0.0272682
0 0.0361487 0.519949 0.0151706 0.0163751
0 0.0511636 0.12748 0.0124414 0.0192589
0 0.615316 0.589092 0.010212 0.0175084
0 0.542874 0.38775 0.0103097 0.0173038
0 0.452227 0.0125769 0.0136128 0.0184429
0 0.184052 0.8614 0.0144947 0.0226655
0 0.311693 0.00364642 0.0169521 0.00715349
0 0.366393 0.99263 0.0142002 0.0144457
0 0.239081 0.342437 0.0130368 0.0168407
0 0.177057 0.253584 0.0127885 0.0176005
0 0.988955 0.767215 0.0142891 0.0186075
0 0.624541 0.970565 0.0150928 0.0192512
0 0.271436 0.52571 0.0130914 0.0109892
0 0.368395 0.753072 0.0126938 0.0121428
0 0.710229 0.510385 0.0161621 0.0132114
0 0.361407 0.740323 0.0233741 0.0240972
0 0.70601 0.407073 0.0147053 0.012702
0 0.924682 0.278474 0.0190532 0.0233621
0 0.90191 0.236844 0.0215475 0.0185461
0 0.541364 0.269463 0.0165668 0.0249981
0 0.388282 0.226058 0.0159157 0.0142502
0 0.415965 0.0537919 0.0109676 0.0147768
0 0.0039714 0.18279 0.00937839 0.0150112
0 0.0696459 0.277835 0.0144398 0.0222111
0 0.535002 0.144149 0.0186188 0.0212523
0 0.353562 0.220803 0.0117996 0.0144042
0 0.421175 0.416542 0.0120101 0.0181569
0 0.669343 0.19828 0.0139173 0.0176515
0 0.191845 0.749993 0.0153107 0.0202293
0 0.0828027 0.29008 0.0190633 0.0205336
0 0.0602039 0.607212 0.0126979 0.0164007
0 0.596932 0.273081 0.0147866 0.0186585
0 0.904501 0.464219 0.0134416 0.0162393
0 0.132139 0.98996 0.0164537 0.0192494
0 0.55177 0.558434 0.0130408 0.0177728
0 0.176442 0.351757 0.0219239 0.0157337
0 0.181883 0.552903 0.018043 0.0137248
0 0.235947 0.739098 0.0136204 0.0109779
0 0.772219 0.290439 0.0195324 0.0273482
0 0.79856 0.996115 0.0137403 0.00790119
0 0.959298 0.764657 0.01537 0.0159771
0 0.805208 0.605949 0.0179791 0.0204931
0 0.422833 0.279816 0.0165729 0.0213278
0 0.279531 0.878046 0.0154629 0.0211188
0 0.691212 0.404862 0.0111786 0.0104434
0 0.807652 0.429709 0.0122639 0.014404
0 0.32126 0.0249247 0.0117214 0.0116739
0 0.746594 0.86088 0.0155998 0.0132301
0 0.230435 0.148226 0.0108285 0.0188056
0 0.988955 0.260709 0.011697 0.016679
0 0.121633 0.293453 0.0181803 0.0234256
0 0.99663 0.224146 0.00699654 0.0222251
0 0.379322 0.813293 0.0117163 0.0143594
0 0.729169 0.402065 0.0164952 0.0189258
0 0.258502 0.904445 0.0111444 0.0102051
0 0.0358341 0.0195182 0.0128316 0.0107567
0 0.971092 0.326648 0.0124888 0.0147165
0 0.87995 0.811526 0.0231576 0.0193392
0 0.275563 0.359852 0.013719 0.0155809
0 0.278958 0.709704 0.0130393 0.0148941
0 0.314073 0.288522 0.0171403 0.0194351
0 0.355177 0.740481 0.0128997 0.0197291
0 0.437752 0.219402 0.0110315 0.0118496
0 0.807536 0.405327 0.0123908 0.0268933
0 0.778396 0.649315 0.0143182 0.0191361
0 0.191553 0.529065 0.0149036 0.0139662
0 0.847927 0.844269 0.0165141 0.0157338
0 0.466139 0.301541 0.0169484 0.0189592
0 0.225853 0.44629 0.0143194 0.0125864
0 0.34602 0.0640871 0.0102716 0.0165228
0 0.379473 0.943429 0.0158494 0.0202687
0 0.5093 0.747433 0.0167972 0.0142816
0 0.798561 0.996383 0.0135575 0.00773168
0 0.613223 0.701356 0.0196326 0.0237576
0 0.539954 0.276831 0.0118915 0.0134384
0 0.773406 0.601801 0.0117191 0.013823
0 0.528678 0.448274 0.0117042 0.0108572
0 0.346473 0.235224 0.0124711 0.0178758
0 0.516342 0.0266006 0.0180374 0.0121503
0 0.163992 0.339527 0.0187232 0.0164688
0 0.723956 0.422329 0.0131494 0.0182906
0 0.725082 0.672474 0.0111291 0.0130767
0 0.455065 0.284256 0.0166649 0.023255
0 0.395222 0.103932 0.0290171 0.026474
