0 0.772406 0.685109 0.0226765 0.0179327
0 0.911563 0.358345 0.0205045 0.0254511
0 0.021875 0.163759 0.016321 0.0156994
0 0.984128 0.863878 0.0271417 0.0261292
0 0.616675 0.546117 0.0170207 0.0219611
0 0.255609 0.517829 0.0228762 0.0188344
0 0.382433 0.939139 0.0207804 0.0275549
0 0.0273615 0.438408 0.0116412 0.0233758
0 0.659389 0.756119 0.0236674 0.0242008
0 0.636076 0.814212 0.0171556 0.0179874
0 0.3658 0.639458 0.014642 0.0134515
0 0.336726 0.549359 0.0209694 0.0180684
0 0.809204 0.38976 0.0119486 0.0230519
0 0.28439 0.985538 0.030668 0.026809
0 0.828846 0.614694 0.0290505 0.0281941
0 0.0268952 0.874875 0.0169705 0.0177736
0 0.0509686 0.126951 0.0129028 0.0198091
0 0.390345 0.497129 0.0182106 0.0190521
0 0.16566 0.341901 0.0229575 0.0218296
0 0.0491908 0.0859677 0.0131749 0.0153652
0 0.551968 0.467251 0.0140816 0.0221886
0 0.114871 0.106828 0.0109847 0.0174356
0 0.190688 0.00406167 0.0213089 0.00767522
0 0.452151 0.0127833 0.01464 0.0203255
0 0.647213 0.637231 0.0210765 0.024294
0 0.589055 0.804008 0.0156868 0.0122143
0 0.184742 0.860005 0.0162554 0.0268397
0 0.366973 0.992993 0.0128433 0.0136412
0 0.988701 0.766438 0.0150419 0.0194429
0 0.668463 0.197427 0.0146476 0.0190034
0 0.232098 0.113236 0.0108935 0.0178433
0 0.0358388 0.520387 0.0148028 0.0160041
0 0.368241 0.753143 0.0123803 0.0123396
0 0.239159 0.34221 0.013046 0.0162154
0 0.197479 0.658358 0.0188095 0.0168291
0 0.543597 0.387283 0.0111522 0.0182438
0 0.790852 0.643035 0.0132481 0.0123541
0 0.632368 0.396779 0.0158041 0.0194275
0 0.851242 0.329428 0.023485 0.0130544
0 0.379509 0.813237 0.0117579 0.0146967
0 0.420933 0.416146 0.0119039 0.0175044
0 0.122 0.29237 0.0189382 0.0254726
0 0.00429425 0.182819 0.00990503 0.014942
0 0.750744 0.991445 0.0151849 0.014709
0 0.355465 0.0922172 0.0139072 0.0260942
0 0.924739 0.278172 0.0188364 0.0226312
0 0.136936 0.985685 0.0157577 0.0220424
0 0.163102 0.268108 0.0127853 0.0160236
0 0.181803 0.350566 0.0188171 0.0165365
0 0.353421 0.220963 0.0112783 0.0135225
0 0.513476 0.0183544 0.0121262 0.0182091
0 0.681442 0.499834 0.0151138 0.0174816
0 0.31167 0.00345061 0.0168234 0.00632531
0 0.271999 0.525514 0.0132555 0.0122318
0 0.0700219 0.277795 0.014494 0.0228324
0 0.987217 0.261107 0.0140181 0.0182856
0 0.107225 0.627549 0.022046 0.0270718
0 0.0607426 0.608121 0.013081 0.0172811
0 0.845634 0.329799 0.0132976 0.0117487
0 0.53553 0.145044 0.0196103 0.0223988
0 0.182467 0.552658 0.0173985 0.0129471
0 0.388138 0.226419 0.0168058 0.0143687
0 0.541041 0.269368 0.0159434 0.0236485
0 0.191853 0.750186 0.0153413 0.0200276
0 0.361165 0.740064 0.0224534 0.0239311
0 0.275506 0.360258 0.0148262 0.0170542
0 0.42297 0.279897 0.017189 0.0225299
0 0.314172 0.288373 0.0169264 0.0195962
0 0.708683 0.414921 0.0128094 0.0145018
0 0.744609 0.39188 0.0112872 0.0162978
0 0.416695 0.0533953 0.0126264 0.0158489
0 0.607389 0.615567 0.0138173 0.015663
0 0.624356 0.970338 0.0162157 0.0197593
0 0.805054 0.605834 0.0183082 0.0192477
0 0.0358301 0.0198174 0.0136226 0.0111017
0 0.0845692 0.289106 0.0178788 0.0201866
0 0.728321 0.402711 0.0153441 0.018801
0 0.87941 0.812268 0.0255215 0.02022
0 0.795681 0.991398 0.0169923 0.0154754
0 0.321813 0.0248862 0.0117441 0.0120348
0 0.847616 0.844466 0.0173574 0.0152665
0 0.275886 0.907517 0.0139989 0.0154014
0 0.747554 0.861579 0.0163137 0.0173973
0 0.43804 0.219823 0.0126071 0.0124194
0 0.99625 0.225205 0.00771132 0.0222823
0 0.773058 0.601701 0.0122018 0.0134635
0 0.958983 0.765377 0.0157037 0.0162618
0 0.694952 0.708486 0.0162492 0.0143124
0 0.597487 0.273372 0.0138364 0.0184016
0 0.282028 0.876979 0.0152496 0.0192196
0 0.1912 0.529177 0.0143726 0.0146612
0 0.509782 0.747865 0.0179336 0.0158174
0 0.772762 0.290092 0.0168562 0.0241503
0 0.0884375 0.67756 0.0206351 0.0234739
0 0.971116 0.326551 0.0127751 0.0146301
0 0.380221 0.942471 0.0161273 0.0211271
0 0.233486 0.741026 0.0158139 0.0120561
0 0.279868 0.710001 0.0132285 0.0154271
0 0.528478 0.448189 0.0116951 0.010613
0 0.381671 0.192265 0.012881 0.0264038
0 0.22615 0.445989 0.0149928 0.0123018
0 0.54006 0.276143 0.012063 0.0130708
0 0.857908 0.165111 0.021639 0.0200497
0 0.254104 0.475312 0.0151372 0.0110306
0 0.164616 0.338191 0.0188448 0.0164642
0 0.402106 0.906387 0.0133385 0.0201972
0 0.346685 0.235464 0.0125198 0.0177022
0 0.723138 0.614369 0.0114923 0.0204573
0 0.185139 0.348605 0.0146063 0.0143636
0 0.455138 0.28403 0.0166958 0.0236705
0 0.0788653 0.294816 0.0154955 0.0152096
