0 0.772112 0.685332 0.0216727 0.0180017
0 0.659412 0.756765 0.0264723 0.0258101
0 0.649138 0.642267 0.0236168 0.0248498
0 0.984534 0.864 0.0264915 0.0243536
0 0.0219858 0.164046 0.0175257 0.0174963
0 0.255382 0.517601 0.0228026 0.0185443
0 0.910766 0.358217 0.0200287 0.0254549
0 0.614631 0.547189 0.0152325 0.0187105
0 0.381065 0.940383 0.0202993 0.0272285
0 0.713798 0.513655 0.0165741 0.0174279
0 0.636456 0.814237 0.0180466 0.01756
0 0.365938 0.639753 0.0144482 0.0137941
0 0.0283124 0.438747 0.0112357 0.0250793
0 0.335077 0.54888 0.0183278 0.015626
0 0.166422 0.343642 0.0247642 0.0229312
0 0.829742 0.61527 0.0319418 0.0307236
0 0.284762 0.985519 0.0292016 0.0268271
0 0.389812 0.497298 0.0184058 0.0194127
0 0.0274589 0.873436 0.0180268 0.0155425
0 0.750815 0.991692 0.0158361 0.0152001
0 0.0508408 0.127298 0.0133432 0.0199498
0 0.85136 0.329346 0.0241386 0.0133603
0 0.632178 0.397173 0.0142357 0.0174421
0 0.452544 0.0116224 0.0152604 0.0192951
0 0.190982 0.00413986 0.02133 0.00789296
0 0.0495259 0.086403 0.0132368 0.0152306
0 0.11527 0.106792 0.0120187 0.0195593
0 0.551468 0.467251 0.014988 0.0225688
0 0.589184 0.803834 0.0154119 0.0115532
0 0.175869 0.352343 0.0216344 0.0152428
0 0.615783 0.588543 0.0110892 0.0175726
0 0.0361552 0.520076 0.0157713 0.0170335
0 0.542922 0.387827 0.01079 0.0165038
0 0.36668 0.992712 0.0125617 0.0139017
0 0.279384 0.878405 0.0164241 0.0203826
0 0.197616 0.658754 0.0176569 0.015836
0 0.130605 0.992231 0.0149654 0.0156382
0 0.271607 0.5257 0.0134101 0.0120077
0 0.342243 0.0633374 0.0100021 0.0157071
0 0.183953 0.861512 0.0149355 0.0232695
0 0.706862 0.407617 0.0129218 0.0131813
0 0.988593 0.768393 0.0129744 0.0169524
0 0.368976 0.752779 0.0121334 0.011991
0 0.541274 0.269699 0.0165938 0.0247005
0 0.624648 0.97058 0.0160773 0.0196
0 0.388211 0.226798 0.0167116 0.015326
0 0.924595 0.278201 0.0180216 0.0225256
0 0.0700787 0.278218 0.0151817 0.0233169
0 0.0607342 0.607959 0.0133801 0.0171322
0 0.239075 0.3427 0.0124659 0.016171
0 0.107241 0.627533 0.0226957 0.0276687
0 0.535422 0.14453 0.0211726 0.0237817
0 0.353491 0.221046 0.0114244 0.0144994
0 0.379091 0.813307 0.0115671 0.014717
0 0.552279 0.558869 0.0137722 0.018012
0 0.31279 0.00412831 0.0150727 0.00887852
0 0.901907 0.237648 0.0205498 0.018647
0 0.41534 0.0535505 0.0115559 0.0142564
0 0.422778 0.279972 0.0165741 0.0217309
0 0.082591 0.289663 0.0195238 0.0203778
0 0.988693 0.260191 0.0116752 0.0167084
0 0.597228 0.273176 0.0144326 0.0184886
0 0.236322 0.73893 0.0149229 0.011286
0 0.798301 0.995846 0.0137943 0.00856251
0 0.00431855 0.182642 0.0097476 0.0162988
0 0.182577 0.552665 0.0181811 0.012969
0 0.38178 0.192682 0.012973 0.0282615
0 0.36137 0.740837 0.0233391 0.0241292
0 0.771756 0.291059 0.0188083 0.0272624
0 0.959288 0.765525 0.0153799 0.0167259
0 0.12264 0.292114 0.0199606 0.0269125
0 0.670022 0.197973 0.0149794 0.0155736
0 0.80717 0.430118 0.0122105 0.014241
0 0.509239 0.74786 0.0166449 0.0147842
0 0.768201 0.430048 0.0139219 0.0201355
0 0.437657 0.219361 0.0107095 0.0119987
0 0.420893 0.416303 0.0117367 0.0175543
0 0.613087 0.70184 0.0202416 0.0238512
0 0.460271 0.693461 0.0115522 0.0118525
0 0.191653 0.749717 0.0154409 0.0200597
0 0.970971 0.326915 0.0122122 0.0147102
0 0.180405 0.251527 0.0141614 0.0150146
0 0.035779 0.0194858 0.0130201 0.0110721
0 0.74688 0.861268 0.0175041 0.0130409
0 0.904617 0.464175 0.0122793 0.0157247
0 0.730348 0.67232 0.0103929 0.0140232
0 0.694165 0.708088 0.0160501 0.0138345
0 0.729078 0.402117 0.0160054 0.0183105
0 0.805129 0.605782 0.0180265 0.0204568
0 0.688614 0.399324 0.0108508 0.0095225
0 0.465614 0.301454 0.0173373 0.0188777
0 0.808336 0.406714 0.0114703 0.0246987
0 0.275665 0.360086 0.0134932 0.0152138
0 0.31404 0.289229 0.0166447 0.0187447
0 0.454959 0.284237 0.0170291 0.023804
0 0.230649 0.153079 0.0153079 0.0146894
0 0.225932 0.44591 0.0148757 0.0122848
0 0.491973 0.283161 0.0149269 0.0156765
0 0.995749 0.225313 0.00884867 0.0209826
0 0.723585 0.421976 0.0134702 0.0192842
0 0.191266 0.529692 0.0157537 0.0152558
0 0.77644 0.651352 0.0128111 0.0129862
0 0.51686 0.0276346 0.0196108 0.012919
0 0.37933 0.943291 0.0164857 0.0214204
0 0.741399 0.497704 0.017021 0.0142595
0 0.847514 0.845238 0.0168276 0.0156705
0 0.539871 0.276661 0.0120662 0.0137355
0 0.932144 0.957773 0.0127946 0.0177293
0 0.346491 0.235484 0.0125824 0.0180009
0 0.279387 0.709895 0.0128783 0.0149304
0 0.163639 0.339855 0.0189202 0.0176554
0 0.40127 0.905827 0.0129178 0.0174525
