0 0.771991 0.685073 0.0220574 0.0173417
0 0.984353 0.863903 0.0270069 0.0256858
0 0.256311 0.517709 0.0247749 0.0192111
0 0.0220268 0.163959 0.0172133 0.0161401
0 0.910992 0.358276 0.0197555 0.0251625
0 0.659097 0.756194 0.0241059 0.0239347
0 0.614773 0.546658 0.0149127 0.018738
0 0.335619 0.549156 0.019341 0.0169227
0 0.636526 0.814387 0.017471 0.0171226
0 0.381835 0.940283 0.0201526 0.0267439
0 0.365527 0.639646 0.0141194 0.0129372
0 0.0270952 0.437598 0.0113586 0.0218924
0 0.285383 0.985536 0.0286626 0.0266916
0 0.82981 0.614672 0.029779 0.0285645
0 0.390176 0.496688 0.0188162 0.0196967
0 0.115076 0.10685 0.011439 0.0189753
0 0.64945 0.63921 0.0215254 0.0220443
0 0.632423 0.396537 0.015661 0.0193924
0 0.137088 0.987467 0.0149394 0.0229902
0 0.452397 0.0121059 0.0138767 0.0192124
0 0.166674 0.343387 0.0241746 0.0220612
0 0.0272385 0.873534 0.0181619 0.0159631
0 0.551679 0.466905 0.0142186 0.0221536
0 0.85218 0.329394 0.0254028 0.0139645
0 0.238732 0.341856 0.0136686 0.0176114
0 0.0510122 0.127423 0.0131162 0.0199262
0 0.755139 0.418827 0.0204674 0.0235122
0 0.049619 0.0863522 0.0129799 0.01499
0 0.191488 0.00415244 0.020965 0.0080586
0 0.668879 0.19796 0.0156996 0.0196041
0 0.0363858 0.51994 0.0153855 0.0168326
0 0.185107 0.861164 0.0159531 0.0236992
0 0.588725 0.804571 0.0148294 0.0106566
0 0.542992 0.387602 0.0102603 0.0170416
0 0.750534 0.991615 0.01402 0.0143002
0 0.107435 0.627573 0.0216784 0.0268719
0 0.366866 0.993019 0.0135754 0.0132934
0 0.0698533 0.277977 0.0145458 0.0236477
0 0.177467 0.351804 0.0226312 0.0158979
0 0.171802 0.25856 0.0166788 0.017081
0 0.197906 0.658603 0.0186808 0.0167205
0 0.368062 0.753324 0.0128227 0.0130415
0 0.416148 0.0538607 0.0115017 0.0164927
0 0.23041 0.136281 0.0139938 0.0155477
0 0.423078 0.279761 0.0167115 0.0221511
0 0.279354 0.87915 0.0180523 0.0244375
0 0.705299 0.404008 0.0153434 0.0178442
0 0.360732 0.739378 0.022527 0.022779
0 0.988849 0.767593 0.0141709 0.0178305
0 0.92457 0.27823 0.0181569 0.0222816
0 0.541041 0.269648 0.0160593 0.0238659
0 0.311737 0.00364977 0.0147161 0.0068018
0 0.353435 0.220751 0.0112016 0.0139076
0 0.122171 0.291658 0.0195955 0.0254779
0 0.624212 0.970547 0.0158904 0.0192297
0 0.271949 0.525874 0.0138675 0.0120008
0 0.610755 0.599622 0.013724 0.0147812
0 0.90165 0.23783 0.0208953 0.0187212
0 0.083105 0.289738 0.0197808 0.0212336
0 0.90475 0.464263 0.0122856 0.0162004
0 0.771565 0.291515 0.0196075 0.0295092
0 0.379375 0.813183 0.0111979 0.0143949
0 0.00440585 0.182816 0.0097682 0.0147885
0 0.191826 0.750018 0.0152352 0.0198618
0 0.387719 0.225739 0.0153078 0.013808
0 0.597128 0.273284 0.0144678 0.0186039
0 0.421313 0.415938 0.0121612 0.0180633
0 0.182418 0.5524 0.0173503 0.0128089
0 0.746523 0.861279 0.0146557 0.0140153
0 0.534786 0.144592 0.0187344 0.0213774
0 0.314229 0.288661 0.0164859 0.0197449
0 0.879355 0.811958 0.0255161 0.02073
0 0.8081 0.398394 0.0102132 0.0217379
0 0.0599915 0.606984 0.0124576 0.0159205
0 0.794752 0.994956 0.0129913 0.0100751
0 0.988359 0.260593 0.0129511 0.0174181
0 0.958986 0.764943 0.0152122 0.0151683
0 0.783068 0.65201 0.013682 0.0168579
0 0.275946 0.360085 0.0145161 0.0161083
0 0.804998 0.606014 0.0191639 0.020321
0 0.465763 0.30155 0.0178597 0.0193424
0 0.266304 0.908575 0.0126553 0.0136054
0 0.729039 0.402361 0.0172924 0.0197198
0 0.191307 0.528914 0.0146042 0.0148746
0 0.847789 0.844121 0.0171629 0.0155176
0 0.72126 0.334907 0.0203283 0.0267919
0 0.279732 0.709761 0.013228 0.0155053
0 0.437829 0.219472 0.0115223 0.0123022
0 0.971141 0.326568 0.0121594 0.0146782
0 0.858134 0.164458 0.020839 0.0199818
0 0.0361239 0.0198529 0.0119819 0.010095
0 0.69664 0.511267 0.0130375 0.0143641
0 0.234471 0.739932 0.0131334 0.0114909
0 0.53983 0.276672 0.0119213 0.0131787
0 0.381735 0.192828 0.0122724 0.0275085
0 0.455033 0.284143 0.0166214 0.023515
0 0.38012 0.943238 0.0161351 0.0208167
0 0.450679 0.696483 0.0114804 0.011995
0 0.52888 0.448309 0.0118325 0.0103094
0 0.996085 0.225829 0.00826044 0.022527
0 0.773368 0.601835 0.0123964 0.0137556
0 0.722984 0.421432 0.0125837 0.0179489
0 0.490594 0.283276 0.0171897 0.016789
0 0.726498 0.644949 0.0106564 0.0170736
0 0.401682 0.905613 0.0125968 0.0185813
0 0.164422 0.33907 0.0183098 0.0161153
0 0.452149 0.173183 0.0117991 0.0150414
0 0.346775 0.235108 0.0124444 0.0178009
0 0.352029 0.0743598 0.0107435 0.0177369
