0 0.772081 0.6852 0.0219323 0.0176924
0 0.614725 0.546528 0.0148852 0.0195984
0 0.0216389 0.163814 0.0164116 0.0162214
0 0.910933 0.35807 0.0194982 0.0250198
0 0.984255 0.863782 0.0267648 0.0250093
0 0.0278031 0.438508 0.0118046 0.0251526
0 0.636219 0.814161 0.017146 0.0168504
0 0.365966 0.63984 0.0145262 0.0130371
0 0.255745 0.517803 0.0230979 0.0184144
0 0.381473 0.94052 0.0200509 0.0264058
0 0.284809 0.985345 0.0291421 0.0268054
0 0.33528 0.549202 0.0188313 0.0164617
0 0.659413 0.756125 0.0245833 0.0243933
0 0.389996 0.49664 0.0188135 0.0191733
0 0.829795 0.614776 0.0310911 0.0308764
0 0.0366454 0.519664 0.016221 0.017228
0 0.452843 0.0120859 0.015192 0.0193661
0 0.166041 0.342788 0.0238214 0.0214015
0 0.114935 0.107018 0.0109497 0.0182689
0 0.0277005 0.873485 0.018093 0.0160429
0 0.58908 0.804212 0.014623 0.0112636
0 0.851155 0.329375 0.024222 0.0142105
0 0.551623 0.467386 0.0145781 0.0216777
0 0.0511006 0.127418 0.0127403 0.0195514
0 0.191715 0.00396629 0.020596 0.00776163
0 0.230502 0.14433 0.0106727 0.0199688
0 0.311707 0.00378487 0.0170243 0.00718289
0 0.18456 0.861291 0.0152017 0.0237991
0 0.197957 0.658272 0.017624 0.0167199
0 0.0496195 0.0862868 0.012775 0.0149985
0 0.632068 0.396905 0.0144303 0.0182339
0 0.542982 0.387496 0.0107802 0.0178103
0 0.750741 0.991664 0.0146978 0.0140567
0 0.107188 0.627318 0.0224587 0.0277345
0 0.176123 0.352131 0.0222785 0.0155084
0 0.0607834 0.607616 0.0138032 0.0173995
0 0.710348 0.510633 0.0151514 0.014313
0 0.366413 0.992701 0.0140416 0.0142455
0 0.541191 0.26942 0.0165376 0.0244388
0 0.615246 0.589937 0.0104606 0.0165325
0 0.368554 0.753287 0.0121375 0.0120219
0 0.668895 0.197962 0.0161816 0.0177383
0 0.27177 0.525873 0.0129797 0.0112067
0 0.746356 0.861731 0.0163835 0.0147929
0 0.239014 0.342599 0.0125061 0.0162638
0 0.132745 0.990755 0.0160973 0.0176929
0 0.0700317 0.278036 0.0148077 0.0233485
0 0.175301 0.256747 0.0113484 0.0164223
0 0.624634 0.970619 0.0150934 0.019345
0 0.989118 0.767367 0.0133227 0.0174025
0 0.421131 0.415959 0.0123295 0.0186136
0 0.535335 0.144808 0.0198728 0.0224606
0 0.798928 0.995919 0.0150766 0.00822419
0 0.924836 0.278201 0.0190495 0.0235975
0 0.415597 0.0541776 0.0111674 0.0143946
0 0.552223 0.558585 0.0137152 0.0188496
0 0.182185 0.552644 0.0193202 0.0145322
0 0.901127 0.237399 0.0206981 0.0181589
0 0.353703 0.22089 0.0118069 0.0142144
0 0.771645 0.291491 0.0205851 0.0296752
0 0.191952 0.749654 0.0155219 0.0202467
0 0.692761 0.405028 0.0109593 0.00986344
0 0.422855 0.279734 0.0167108 0.0219468
0 0.70597 0.407288 0.0145232 0.0121882
0 0.904946 0.464442 0.0131404 0.0164325
0 0.361397 0.739839 0.0222101 0.0236751
0 0.321361 0.0254826 0.0124224 0.0116491
0 0.37946 0.813252 0.0113935 0.0145611
0 0.278657 0.879315 0.0165725 0.0228559
0 0.728938 0.40225 0.0164882 0.0188522
0 0.388115 0.225734 0.0163655 0.0137375
0 0.279349 0.710015 0.0129631 0.0148803
0 0.236289 0.73926 0.0141499 0.0115833
0 0.508693 0.815779 0.0142338 0.014766
0 0.878832 0.812131 0.0235703 0.0194507
0 0.31429 0.288807 0.0168349 0.0193768
0 0.0836092 0.289489 0.0178813 0.0199247
0 0.00418452 0.182657 0.00986549 0.0150968
0 0.516347 0.0289505 0.0176795 0.0137126
0 0.0357546 0.0197408 0.0135501 0.0107664
0 0.191484 0.529165 0.0149019 0.0144668
0 0.597034 0.273275 0.0141563 0.0179579
0 0.805555 0.605813 0.0166265 0.0193204
0 0.355107 0.740569 0.0119318 0.0192393
0 0.437592 0.2195 0.0111853 0.012103
0 0.959576 0.764448 0.0143451 0.0150303
0 0.122138 0.291866 0.0186847 0.0246423
0 0.776293 0.648083 0.0119004 0.0229969
0 0.465699 0.301638 0.0171732 0.0190931
0 0.25927 0.904715 0.0123199 0.010668
0 0.275478 0.360097 0.0140793 0.0160426
0 0.99667 0.22406 0.00700102 0.0214898
0 0.0874783 0.28599 0.0142486 0.0168964
0 0.381714 0.192983 0.0133124 0.0290477
0 0.847624 0.844831 0.0160019 0.0149333
0 0.773348 0.601925 0.0114665 0.0135217
0 0.764372 0.421614 0.0112684 0.0196272
0 0.379806 0.943308 0.016315 0.0210682
0 0.808215 0.404271 0.0118491 0.0242977
0 0.455086 0.284115 0.017163 0.0238557
0 0.970845 0.326761 0.0117562 0.0147647
0 0.724045 0.421884 0.0124143 0.0180466
0 0.540033 0.276157 0.0122957 0.0138011
0 0.451816 0.173458 0.0124074 0.0157045
0 0.528747 0.448254 0.0123944 0.0102096
0 0.163807 0.339261 0.0182782 0.0165584
0 0.509523 0.747769 0.0171466 0.0151398
0 0.401673 0.905809 0.0123694 0.0176804
0 0.34641 0.235266 0.0128104 0.0174745
0 0.0785693 0.294809 0.01591 0.015514
