0 0.772445 0.685076 0.0228949 0.0178066
0 0.0217847 0.163814 0.0167916 0.0164882
0 0.984254 0.863719 0.0274038 0.0256752
0 0.255875 0.517591 0.023243 0.0186801
0 0.911129 0.358596 0.0202271 0.0258127
0 0.382084 0.93994 0.0207195 0.0276093
0 0.659128 0.756066 0.0243663 0.0248879
0 0.336307 0.549443 0.0193351 0.0168184
0 0.616495 0.546641 0.0170348 0.0199295
0 0.636283 0.814168 0.0171406 0.0172861
0 0.365746 0.639641 0.0146869 0.0133251
0 0.284875 0.985418 0.029901 0.0269942
0 0.0290467 0.436924 0.0111688 0.021455
0 0.452655 0.0123825 0.0145662 0.0190944
0 0.829161 0.61511 0.0301965 0.029344
0 0.184179 0.860772 0.0152945 0.0236199
0 0.551929 0.467147 0.0145982 0.0225392
0 0.852319 0.329331 0.0256402 0.0138735
0 0.390244 0.497129 0.0177957 0.0183602
0 0.191336 0.00402899 0.0216215 0.00770981
0 0.648968 0.638715 0.0232654 0.025036
0 0.63207 0.396819 0.0152436 0.0181937
0 0.164977 0.340678 0.0206283 0.0191945
0 0.0358946 0.520271 0.0143187 0.0161911
0 0.0496908 0.0860997 0.0131028 0.015214
0 0.114871 0.106809 0.0113111 0.0182931
0 0.122083 0.291911 0.019549 0.0257788
0 0.588853 0.804128 0.0154029 0.0110245
0 0.197897 0.658827 0.0187845 0.0163063
0 0.669584 0.198401 0.0150716 0.0212332
0 0.178061 0.35206 0.0228826 0.0160016
0 0.543168 0.387882 0.0105657 0.0169293
0 0.136569 0.985853 0.0161504 0.0203265
0 0.367781 0.753727 0.0124932 0.01182
0 0.238964 0.342341 0.0130324 0.015833
0 0.924735 0.278096 0.0191401 0.0228009
0 0.388464 0.22619 0.0161767 0.0145203
0 0.98865 0.766795 0.0135495 0.0178657
0 0.17345 0.263782 0.0122195 0.0149289
0 0.353634 0.220827 0.0112534 0.0137867
0 0.7504 0.991605 0.0151489 0.0146564
0 0.0702051 0.278054 0.0149844 0.0234727
0 0.416342 0.05372 0.0118474 0.0154011
0 0.366518 0.99142 0.0136401 0.0154634
0 0.272174 0.525875 0.0139046 0.0116962
0 0.608976 0.601387 0.0142021 0.0165958
0 0.191751 0.75017 0.0153298 0.0197229
0 0.624227 0.970769 0.015635 0.0190306
0 0.107273 0.627704 0.0216733 0.0263797
0 0.311234 0.00369863 0.0163977 0.00693403
0 0.0273921 0.873964 0.0181383 0.0155562
0 0.746964 0.861459 0.0151545 0.0156047
0 0.0377157 0.0714109 0.0142595 0.0238952
0 0.423134 0.279861 0.0169753 0.0221069
0 0.421075 0.416207 0.012141 0.0174901
0 0.80922 0.397372 0.0108905 0.0227318
0 0.182185 0.552691 0.017233 0.0124873
0 0.0599383 0.606932 0.0123324 0.0155978
0 0.795408 0.992063 0.0166955 0.0148946
0 0.269587 0.903858 0.0135309 0.0129948
0 0.279957 0.877475 0.0176186 0.0224134
0 0.540909 0.269341 0.0163641 0.0239482
0 0.00428791 0.182693 0.0100101 0.014288
0 0.958618 0.765489 0.0157393 0.0162899
0 0.381673 0.192209 0.0131576 0.0265959
0 0.379413 0.812871 0.0120386 0.0143465
0 0.514084 0.0189093 0.011583 0.0148336
0 0.36125 0.740952 0.0227072 0.0248713
0 0.847501 0.844256 0.017169 0.0159239
0 0.78666 0.643952 0.013492 0.0128071
0 0.0356575 0.0194331 0.0119254 0.0103788
0 0.534886 0.14476 0.0204608 0.023528
0 0.0843367 0.289194 0.0186813 0.0207441
0 0.597152 0.273425 0.0143126 0.017911
0 0.858738 0.164665 0.0210772 0.0203246
0 0.313828 0.288705 0.0170288 0.0193448
0 0.805019 0.605988 0.0192945 0.020332
0 0.87931 0.812397 0.0256274 0.0210557
0 0.191491 0.529032 0.0141924 0.0139071
0 0.723906 0.635164 0.0131556 0.0199901
0 0.623545 0.32746 0.0197609 0.022276
0 0.69082 0.506131 0.0116988 0.0114281
0 0.437977 0.219696 0.0122506 0.012243
0 0.276081 0.359675 0.0147954 0.0164709
0 0.709163 0.410446 0.0162315 0.0155168
0 0.988301 0.261131 0.0125971 0.0176144
0 0.491645 0.283001 0.0144858 0.0153537
0 0.447199 0.703959 0.0121595 0.0114448
0 0.728688 0.402512 0.0155787 0.0183445
0 0.696287 0.707709 0.0166263 0.0155433
0 0.971167 0.326503 0.0122066 0.0143666
0 0.221493 0.13055 0.0148443 0.0148753
0 0.380202 0.943074 0.0165468 0.0213338
0 0.455095 0.283732 0.0163476 0.023288
0 0.233539 0.740777 0.0146734 0.0115254
0 0.723487 0.421913 0.0122579 0.0165417
0 0.2801 0.709961 0.0135503 0.0156672
0 0.772967 0.601921 0.0129316 0.0141187
0 0.539663 0.276351 0.0118251 0.012776
0 0.346685 0.235042 0.012901 0.017708
0 0.466043 0.301676 0.0176273 0.0189235
0 0.996369 0.225556 0.00754356 0.0227782
0 0.164066 0.337549 0.0176431 0.014598
0 0.451681 0.173059 0.0128331 0.016027
0 0.528822 0.448255 0.0119244 0.0102172
0 0.707902 0.411244 0.0140376 0.0141985
