0 0.615215 0.546414 0.0151772 0.0187293
0 0.771849 0.68508 0.0219113 0.0177188
0 0.984486 0.864006 0.0263786 0.0243717
0 0.636115 0.813927 0.0164893 0.0165435
0 0.0214778 0.164036 0.017002 0.0166799
0 0.381363 0.940574 0.0200042 0.0263963
0 0.911077 0.358272 0.020061 0.0254309
0 0.0283816 0.439206 0.0123063 0.0260263
0 0.255605 0.517764 0.0228572 0.0186979
0 0.335457 0.549014 0.018555 0.0167631
0 0.365834 0.639492 0.0141965 0.01292
0 0.285141 0.985287 0.0281091 0.0269879
0 0.830142 0.61484 0.0310492 0.02979
0 0.389974 0.497093 0.0187668 0.0190525
0 0.16507 0.342423 0.0229833 0.0211228
0 0.750437 0.991473 0.0147123 0.0149765
0 0.589262 0.804303 0.0154077 0.0116137
0 0.191062 0.00426649 0.020884 0.0080486
0 0.0277064 0.873406 0.0179799 0.0157206
0 0.452267 0.0123475 0.0142576 0.0184515
0 0.11493 0.107205 0.0115961 0.0184516
0 0.851124 0.329472 0.0239037 0.013178
0 0.659286 0.756229 0.0235157 0.0235921
0 0.551737 0.466937 0.0142577 0.0217839
0 0.0361657 0.520274 0.0149107 0.0161514
0 0.924658 0.278248 0.0177523 0.0218604
0 0.197613 0.658653 0.0176385 0.0164639
0 0.184642 0.861243 0.0153775 0.0244832
0 0.757617 0.420469 0.0213407 0.0192935
0 0.238831 0.342171 0.0129614 0.0171223
0 0.0495563 0.0861786 0.0131485 0.015592
0 0.176667 0.352276 0.0221985 0.0158474
0 0.901834 0.236798 0.0223798 0.018709
0 0.134673 0.990727 0.0186777 0.0177178
0 0.0614267 0.608552 0.014686 0.0195639
0 0.271419 0.52594 0.0127177 0.0114826
0 0.632147 0.396994 0.0151422 0.0188559
0 0.415298 0.0542487 0.0110775 0.0148976
0 0.311829 0.00363004 0.016113 0.00655191
0 0.368301 0.752993 0.0128458 0.0121431
0 0.366919 0.991856 0.0134571 0.0151054
0 0.279205 0.879281 0.0174013 0.0218451
0 0.541236 0.269599 0.0163023 0.0248332
0 0.543142 0.387633 0.0100504 0.0163911
0 0.107035 0.627409 0.0223932 0.0276593
0 0.179686 0.262063 0.0113044 0.0175307
0 0.353611 0.220807 0.0110875 0.0138128
0 0.361429 0.739613 0.0234761 0.0243762
0 0.795885 0.995533 0.0145786 0.00882375
0 0.08182 0.29037 0.0198515 0.0201022
0 0.62462 0.970455 0.0157491 0.019838
0 0.668527 0.198411 0.0159325 0.0183629
0 0.0700415 0.278098 0.0149991 0.0231131
0 0.420887 0.41628 0.0118181 0.0183136
0 0.423033 0.27963 0.0166138 0.0215044
0 0.191854 0.750052 0.0153124 0.0196546
0 0.552415 0.558773 0.013185 0.0182819
0 0.989182 0.768113 0.0135449 0.0159739
0 0.388127 0.225848 0.0155485 0.0134798
0 0.746468 0.861651 0.0159001 0.0133274
0 0.988671 0.260308 0.0113557 0.0166333
0 0.61461 0.593274 0.0108491 0.0163229
0 0.379545 0.813061 0.0126606 0.015538
0 0.182102 0.552504 0.0171044 0.0124074
0 0.535668 0.145489 0.0208533 0.0215176
0 0.596869 0.273105 0.0142819 0.0178132
0 0.728487 0.659932 0.0103224 0.0183427
0 0.904898 0.464058 0.013302 0.0164486
0 0.314379 0.288035 0.0172249 0.0200124
0 0.805143 0.605504 0.0173081 0.0197725
0 0.878822 0.8129 0.0238633 0.020368
0 0.72917 0.402119 0.0168308 0.0190188
0 0.515923 0.0299783 0.0182261 0.0145352
0 0.348693 0.0659607 0.0125804 0.0164794
0 0.275751 0.360008 0.0140981 0.0158007
0 0.438431 0.219668 0.0120083 0.0125324
0 0.996205 0.224688 0.0079113 0.0233056
0 0.260921 0.911087 0.0136845 0.0134147
0 0.970814 0.326782 0.0123671 0.0147342
0 0.191585 0.528825 0.0149133 0.014263
0 0.00408632 0.182963 0.00926042 0.0146635
0 0.959068 0.764324 0.0147071 0.0147345
0 0.235377 0.739685 0.0136256 0.0112702
0 0.704863 0.405614 0.0156109 0.0150693
0 0.0355951 0.0197252 0.0123455 0.0105946
0 0.763188 0.418647 0.0122641 0.0161523
0 0.772922 0.646538 0.0106258 0.0241064
0 0.465577 0.301564 0.0175858 0.0187373
0 0.847778 0.844355 0.016273 0.0164089
0 0.38169 0.19272 0.0132887 0.0278509
0 0.121902 0.292359 0.018525 0.0239691
0 0.226057 0.446317 0.0149568 0.0124288
0 0.279387 0.709776 0.0128906 0.0149986
0 0.773148 0.601754 0.011991 0.0131359
0 0.455222 0.283898 0.0166905 0.0236786
0 0.45171 0.172833 0.0124849 0.0152192
0 0.539976 0.276617 0.0120881 0.013763
0 0.528578 0.448124 0.0115602 0.0106856
0 0.379737 0.943359 0.0163127 0.0209808
0 0.72387 0.421774 0.0119944 0.0175965
0 0.491222 0.283352 0.0166313 0.0164131
0 0.163605 0.339054 0.0187186 0.0167385
0 0.088992 0.675953 0.019106 0.0224541
0 0.346402 0.235467 0.012548 0.0170237
0 0.808393 0.403945 0.0114766 0.0229349
0 0.395331 0.103504 0.0290852 0.0256355
