0 0.77235 0.685359 0.0223597 0.0177774
0 0.614879 0.546556 0.0148675 0.0192443
0 0.983943 0.863543 0.0274059 0.0253335
0 0.0218589 0.16382 0.0166153 0.0164589
0 0.649178 0.640509 0.0225935 0.0247451
0 0.255692 0.517818 0.0239514 0.018522
0 0.910831 0.358445 0.0200005 0.0252354
0 0.659074 0.756093 0.0246822 0.0245507
0 0.335048 0.548963 0.0200838 0.0169036
0 0.28442 0.985523 0.0286975 0.026733
0 0.0283694 0.437888 0.0108389 0.0231345
0 0.636113 0.813977 0.01679 0.0163966
0 0.365869 0.639577 0.0144058 0.0137808
0 0.381377 0.94003 0.0201927 0.0268128
0 0.82957 0.614885 0.0309094 0.0300616
0 0.167264 0.343687 0.0258955 0.0225893
0 0.0275686 0.873405 0.0186542 0.0162539
0 0.389623 0.49692 0.0184382 0.0188394
0 0.0495745 0.086424 0.0129118 0.0151181
0 0.850923 0.329482 0.0237695 0.013481
0 0.191359 0.00405643 0.0215795 0.0078598
0 0.114955 0.107133 0.0114314 0.0184224
0 0.452504 0.0119765 0.0139768 0.0193894
0 0.632235 0.397357 0.0153642 0.0181939
0 0.588884 0.80397 0.0146772 0.011294
0 0.75094 0.991707 0.0150753 0.0142039
0 0.197441 0.658567 0.0186594 0.0168912
0 0.0509913 0.12745 0.0130206 0.0199794
0 0.0363246 0.520035 0.0151681 0.0168207
0 0.184669 0.860975 0.0160275 0.0240068
0 0.542937 0.387525 0.0105743 0.0171607
0 0.62455 0.970574 0.0159493 0.0201509
0 0.312243 0.00391509 0.0176171 0.00775342
0 0.551823 0.467408 0.0142023 0.0218801
0 0.23053 0.15068 0.0150686 0.0198639
0 0.107188 0.627384 0.0226179 0.0284034
0 0.988701 0.76748 0.0135319 0.0187348
0 0.368511 0.753527 0.0126858 0.0117174
0 0.90168 0.237358 0.0206986 0.0197205
0 0.27175 0.525736 0.0131872 0.0117247
0 0.177184 0.252216 0.0140728 0.0171358
0 0.615557 0.590253 0.0106032 0.0166296
0 0.366242 0.992716 0.0132861 0.014149
0 0.059716 0.607328 0.0126746 0.0158619
0 0.239185 0.342753 0.0124757 0.016547
0 0.421028 0.415995 0.0123406 0.0190294
0 0.0822776 0.290119 0.0191513 0.0208777
0 0.422672 0.279644 0.0161914 0.021514
0 0.353601 0.220908 0.0113817 0.0142472
0 0.535848 0.144369 0.0195436 0.0232353
0 0.415617 0.0537669 0.0113723 0.015016
0 0.746214 0.861268 0.0170755 0.0139549
0 0.710669 0.508866 0.0159082 0.0136721
0 0.541485 0.269522 0.0168675 0.0247862
0 0.175945 0.352336 0.0223961 0.0153582
0 0.551818 0.558576 0.0132128 0.0182036
0 0.27932 0.878263 0.0158987 0.0210758
0 0.798254 0.995683 0.0147077 0.00871158
0 0.596927 0.273241 0.0149776 0.0184783
0 0.0697224 0.277942 0.0143697 0.0222735
0 0.182003 0.552949 0.0185987 0.012452
0 0.705434 0.406899 0.015169 0.0124987
0 0.924711 0.278477 0.0187764 0.0227963
0 0.254467 0.90372 0.0158803 0.0161794
0 0.0791845 0.293744 0.0173564 0.0167307
0 0.387879 0.225749 0.0156561 0.0135291
0 0.00408593 0.182611 0.00967023 0.0151345
0 0.361651 0.740529 0.0233937 0.024315
0 0.692462 0.40468 0.0111661 0.0104039
0 0.437689 0.219464 0.0107487 0.0122301
0 0.314182 0.288848 0.0172961 0.0200914
0 0.905037 0.464398 0.0134398 0.0165624
0 0.728804 0.402026 0.0167517 0.0189447
0 0.191824 0.750077 0.0153065 0.0197356
0 0.381677 0.192834 0.0130605 0.0283523
0 0.321733 0.0250348 0.0126416 0.0128396
0 0.37942 0.813252 0.0113126 0.0145246
0 0.807813 0.40614 0.012073 0.0274631
0 0.0358781 0.0197835 0.0123399 0.0106789
0 0.669637 0.198756 0.0142853 0.0182193
0 0.275706 0.359858 0.0138859 0.015478
0 0.959213 0.764568 0.0146113 0.0153271
0 0.804979 0.606178 0.0181909 0.0210985
0 0.19147 0.529377 0.0152582 0.0145156
0 0.771706 0.291946 0.0193291 0.0284484
0 0.970825 0.326929 0.0121387 0.0145041
0 0.121919 0.292237 0.0187403 0.024989
0 0.695144 0.708252 0.0155343 0.014125
0 0.279217 0.709923 0.0128487 0.0144953
0 0.996272 0.225073 0.00786295 0.0220271
0 0.131227 0.990409 0.0151456 0.0181019
0 0.706147 0.994446 0.025331 0.0108027
0 0.509291 0.747554 0.01683 0.0151652
0 0.848084 0.844583 0.0163267 0.0157779
0 0.77922 0.651236 0.0151465 0.0141178
0 0.726899 0.672158 0.0110846 0.0129149
0 0.798171 0.996 0.0138447 0.00847316
0 0.379217 0.943157 0.0157258 0.0206457
0 0.225744 0.446381 0.0127852 0.0118034
0 0.528916 0.448942 0.0125385 0.0102149
0 0.916624 0.553717 0.0195293 0.0267779
0 0.465813 0.301604 0.0174163 0.0192028
0 0.451972 0.173033 0.0122932 0.0153205
0 0.455013 0.284255 0.0167927 0.0235003
0 0.540027 0.276301 0.0123695 0.0138042
0 0.346536 0.235176 0.0129873 0.0183144
0 0.516944 0.025127 0.0182436 0.0117421
0 0.16397 0.339562 0.0187063 0.0167341
0 0.401416 0.906015 0.0123991 0.0167131
0 0.773496 0.601822 0.0132174 0.0154355
