0 0.772204 0.684912 0.0224364 0.018373
0 0.0218649 0.163752 0.0169184 0.0159667
0 0.659347 0.756223 0.0243521 0.0245908
0 0.98465 0.864742 0.0272915 0.0256622
0 0.911327 0.35827 0.0197327 0.0255697
0 0.336768 0.549493 0.021076 0.0177881
0 0.255611 0.517754 0.0237761 0.0188599
0 0.647854 0.637632 0.0216193 0.0239551
0 0.0277927 0.438004 0.0112514 0.023899
0 0.365682 0.639465 0.0150589 0.0139083
0 0.390076 0.497226 0.0188301 0.018881
0 0.381938 0.940401 0.0196131 0.025896
0 0.63621 0.813966 0.0170783 0.0172409
0 0.829188 0.614655 0.0297722 0.0284053
0 0.285154 0.98534 0.0288994 0.0267949
0 0.114835 0.10678 0.0114396 0.0185485
0 0.668797 0.197898 0.0152781 0.0203601
0 0.0494104 0.0859656 0.0136219 0.0153885
0 0.165121 0.34112 0.0212772 0.0202087
0 0.191161 0.00427061 0.0229491 0.00802503
0 0.0359659 0.520179 0.0153835 0.0168365
0 0.5519 0.467308 0.0133095 0.0221862
0 0.45237 0.012456 0.0136629 0.0187903
0 0.612879 0.612172 0.0103619 0.0207313
0 0.85215 0.329329 0.0252276 0.0133783
0 0.184135 0.860559 0.0161678 0.0248368
0 0.809281 0.394955 0.0115735 0.0237024
0 0.988843 0.766578 0.0144732 0.0192626
0 0.197841 0.658762 0.0182057 0.0163695
0 0.368063 0.753527 0.0123715 0.0127294
0 0.543054 0.387714 0.0110888 0.0178994
0 0.750864 0.9915 0.0153035 0.0147535
0 0.257787 0.46954 0.0174914 0.0152857
0 0.17949 0.351689 0.0224752 0.0172819
0 0.588946 0.803973 0.014291 0.0115379
0 0.107372 0.627562 0.0216935 0.0264989
0 0.632209 0.396508 0.0150735 0.0185245
0 0.353469 0.22072 0.0111231 0.0136729
0 0.31186 0.00349207 0.0167432 0.00661252
0 0.0702346 0.277571 0.0146029 0.0226139
0 0.0275986 0.874226 0.0175778 0.0160574
0 0.136234 0.98661 0.0157599 0.0195203
0 0.747157 0.86189 0.0154528 0.0151776
0 0.624265 0.970376 0.0171362 0.0201137
0 0.366559 0.992171 0.0133513 0.0146497
0 0.272052 0.52597 0.0137315 0.0120155
0 0.0599265 0.607082 0.0123524 0.015754
0 0.902173 0.23718 0.0219981 0.0182317
0 0.541132 0.269116 0.0164223 0.0242386
0 0.388511 0.226351 0.0162579 0.0141741
0 0.420963 0.415995 0.0121054 0.0176777
0 0.170074 0.266285 0.0180196 0.0146628
0 0.620714 0.544974 0.0139203 0.0190971
0 0.00436844 0.183018 0.00998861 0.0150766
0 0.280279 0.881031 0.0175245 0.0266542
0 0.182316 0.552366 0.0179647 0.0127624
0 0.924756 0.278074 0.0193502 0.0225981
0 0.513314 0.0185613 0.012482 0.0161904
0 0.417017 0.053669 0.0117603 0.0161278
0 0.423003 0.279785 0.0165882 0.0215884
0 0.239273 0.342287 0.0135416 0.0168521
0 0.360891 0.74061 0.0221873 0.0245749
0 0.0842813 0.28895 0.0184028 0.0201193
0 0.795252 0.991623 0.0161559 0.0154269
0 0.1219 0.293375 0.0181556 0.0232394
0 0.787038 0.645488 0.0122713 0.0125183
0 0.805307 0.605769 0.0181731 0.0199707
0 0.276081 0.359751 0.0157403 0.016321
0 0.597297 0.273292 0.0140035 0.0185474
0 0.958635 0.764587 0.0153662 0.0152727
0 0.535086 0.145072 0.017888 0.0204622
0 0.271463 0.900421 0.0114924 0.0137591
0 0.848254 0.843795 0.0167686 0.0164192
0 0.379762 0.812935 0.0109777 0.0144252
0 0.707887 0.414311 0.0125779 0.0138401
0 0.683631 0.511294 0.0125102 0.0120544
0 0.858456 0.165092 0.02089 0.0208327
0 0.987471 0.261304 0.014082 0.0183901
0 0.553053 0.55862 0.0134584 0.0175635
0 0.38145 0.192091 0.0132632 0.0261949
0 0.191538 0.529383 0.0143348 0.0139985
0 0.314253 0.288723 0.0169536 0.0190755
0 0.122068 0.293371 0.0184189 0.0232047
0 0.509275 0.747619 0.0169733 0.0144424
0 0.728759 0.401621 0.0155368 0.0170252
0 0.438148 0.219363 0.0121097 0.0117792
0 0.879856 0.812775 0.0262966 0.0214683
0 0.380271 0.943053 0.0158385 0.020761
0 0.191688 0.750075 0.0156632 0.0197264
0 0.934815 0.957732 0.0129519 0.018723
0 0.280232 0.709961 0.0135715 0.0160348
0 0.773133 0.601755 0.0117324 0.0134494
0 0.971036 0.326754 0.0121786 0.0143448
0 0.452053 0.17268 0.0123977 0.0160735
0 0.696067 0.707118 0.0166812 0.0147467
0 0.0357508 0.0199108 0.0126634 0.0105527
0 0.695989 0.707106 0.0171661 0.0147533
0 0.772523 0.291105 0.0180184 0.0264213
0 0.539863 0.276004 0.012051 0.0134357
0 0.916937 0.553597 0.0175582 0.0234489
0 0.228626 0.121454 0.0149282 0.0166749
0 0.996562 0.225865 0.00702991 0.0230637
0 0.455185 0.283961 0.0167722 0.0237926
0 0.528648 0.448195 0.0115871 0.0104965
0 0.34673 0.235146 0.0124785 0.0173362
0 0.164532 0.337917 0.0181745 0.0155091
0 0.749804 0.397547 0.0125361 0.0160142
0 0.185008 0.348809 0.0155154 0.0147758
0 0.401773 0.905905 0.0131532 0.0188295
0 0.62275 0.544289 0.0104159 0.0173292
0 0.078764 0.294978 0.0156989 0.0150856
