0 0.772347 0.685015 0.0236053 0.0182908
0 0.911665 0.358245 0.0195223 0.0247413
0 0.255552 0.517447 0.0233081 0.0185051
0 0.0216614 0.163878 0.0165486 0.0158544
0 0.984563 0.863851 0.0267925 0.0257862
0 0.659405 0.756282 0.0244866 0.0242555
0 0.382062 0.939753 0.0202971 0.0269568
0 0.365715 0.638846 0.0144989 0.0143943
0 0.336877 0.549363 0.0204177 0.0177937
0 0.636082 0.813841 0.0179413 0.0185155
0 0.0271828 0.43874 0.0119935 0.0241466
0 0.284444 0.985441 0.0298651 0.0271612
0 0.829558 0.615184 0.0301503 0.0295501
0 0.809395 0.387442 0.0108881 0.0228404
0 0.114969 0.107009 0.0107144 0.0177819
0 0.552421 0.467027 0.0137126 0.0222015
0 0.619303 0.546387 0.017353 0.0209167
0 0.390819 0.497515 0.0173985 0.0184655
0 0.451947 0.0123444 0.0145644 0.0190164
0 0.18444 0.860888 0.0159987 0.025533
0 0.0513476 0.126869 0.0126944 0.0204878
0 0.165619 0.339903 0.0203596 0.0184804
0 0.63195 0.397086 0.0151634 0.018375
0 0.191231 0.00407998 0.0220894 0.00785696
0 0.645911 0.639741 0.0178521 0.0268655
0 0.989331 0.766376 0.0157829 0.0197215
0 0.543031 0.387605 0.0107838 0.0174165
0 0.58965 0.804243 0.015238 0.0116436
0 0.0492153 0.0859255 0.0133656 0.0151151
0 0.0359862 0.519548 0.015125 0.0167824
0 0.354468 0.0938824 0.0113235 0.0245657
0 0.788606 0.635395 0.0111302 0.0216438
0 0.197436 0.658331 0.0185055 0.0162431
0 0.271945 0.525717 0.0133872 0.0124156
0 0.368071 0.753593 0.0127362 0.011991
0 0.00471971 0.182334 0.0105363 0.0147238
0 0.222949 0.113374 0.0138777 0.0179036
0 0.0271528 0.874001 0.017213 0.0161886
0 0.0608356 0.608435 0.0141024 0.0187321
0 0.353554 0.220789 0.0115184 0.0136681
0 0.624597 0.97037 0.0175154 0.020769
0 0.239231 0.342229 0.0126797 0.0152437
0 0.66962 0.198485 0.0145892 0.0212388
0 0.541055 0.269252 0.0161104 0.0236167
0 0.53546 0.144929 0.0189666 0.0212354
0 0.985978 0.261813 0.0149745 0.0187331
0 0.311848 0.00349079 0.0163615 0.00645388
0 0.728694 0.404243 0.0152931 0.0228526
0 0.107138 0.627416 0.0211308 0.0260992
0 0.138264 0.984327 0.0157643 0.024624
0 0.366803 0.992744 0.0133044 0.0139015
0 0.41678 0.0537008 0.0125124 0.0162991
0 0.773167 0.288901 0.0156968 0.0218616
0 0.84552 0.329881 0.0131695 0.0114505
0 0.420834 0.416128 0.0121129 0.0181156
0 0.0702949 0.278134 0.01469 0.0232546
0 0.388089 0.226038 0.0164296 0.0143748
0 0.878944 0.812709 0.0257647 0.0218995
0 0.902465 0.237737 0.0205905 0.0184224
0 0.192068 0.750254 0.0157647 0.0200984
0 0.75078 0.991397 0.0153 0.0144031
0 0.314125 0.288473 0.0166641 0.0192221
0 0.18263 0.552561 0.0176227 0.0124832
0 0.95901 0.764257 0.0163731 0.0157008
0 0.745502 0.856647 0.014643 0.013747
0 0.423182 0.280016 0.0166871 0.021509
0 0.924488 0.278491 0.018855 0.0230353
0 0.512148 0.0196842 0.0124516 0.0183316
0 0.708517 0.415278 0.0118664 0.0122452
0 0.361014 0.73981 0.0232718 0.0246544
0 0.379694 0.813377 0.0118703 0.0143425
0 0.805742 0.604654 0.0181002 0.0177976
0 0.275739 0.359944 0.0150785 0.0162918
0 0.772997 0.601904 0.0121206 0.0137926
0 0.18527 0.349243 0.0148812 0.0148769
0 0.607305 0.622212 0.0115653 0.018576
0 0.0357278 0.0199756 0.012712 0.0106525
0 0.121476 0.292632 0.0174937 0.0231883
0 0.438178 0.219724 0.0119134 0.0123232
0 0.32202 0.0250194 0.0117431 0.0114568
0 0.847873 0.843974 0.0162841 0.0156698
0 0.232981 0.741407 0.0163672 0.0116079
0 0.191538 0.529039 0.0145783 0.0146582
0 0.0830307 0.290018 0.0195575 0.020914
0 0.796408 0.991583 0.0169765 0.0159109
0 0.225708 0.445784 0.0133914 0.011361
0 0.277103 0.900327 0.0127503 0.01564
0 0.597385 0.273309 0.0135519 0.0177661
0 0.744624 0.389853 0.0123715 0.0185192
0 0.0883029 0.286074 0.0145324 0.0173422
0 0.3823 0.192856 0.0125261 0.0271342
0 0.380182 0.942824 0.0161693 0.0212131
0 0.996875 0.225072 0.00650921 0.0212536
0 0.280494 0.710492 0.0141475 0.0160494
0 0.613944 0.701839 0.0199463 0.0231601
0 0.971261 0.326302 0.012677 0.0146642
0 0.695089 0.709542 0.0157947 0.0145816
0 0.250516 0.473427 0.0155442 0.0112087
0 0.539842 0.276067 0.0120749 0.0131525
0 0.164954 0.274117 0.00962785 0.0141984
0 0.490826 0.283176 0.0150201 0.0158656
0 0.528633 0.448191 0.0110353 0.0112094
0 0.346606 0.235431 0.012413 0.0176213
0 0.455021 0.284055 0.0169219 0.0234491
0 0.721525 0.604491 0.0121047 0.017908
0 0.467031 0.301299 0.0176204 0.0191135
0 0.402175 0.906166 0.0129651 0.0179288
0 0.118897 0.297541 0.0130586 0.0153109
0 0.997884 0.709881 0.00442591 0.0267813
0 0.623186 0.544839 0.0111152 0.0188997
0 0.0792583 0.294818 0.0161198 0.0158083
