0 0.772134 0.684915 0.0217305 0.0178208
0 0.911413 0.358415 0.0194294 0.0250871
0 0.984238 0.863764 0.0276104 0.0259725
0 0.25541 0.517684 0.022702 0.0184106
0 0.0216041 0.163704 0.0162353 0.0153975
0 0.636435 0.814275 0.0176444 0.0177648
0 0.668252 0.19736 0.0158884 0.020739
0 0.3657 0.639397 0.0148174 0.013939
0 0.64762 0.638335 0.0214299 0.0237989
0 0.336235 0.549644 0.019959 0.0168788
0 0.829363 0.615005 0.0297812 0.0283823
0 0.659195 0.756071 0.0235595 0.0242827
0 0.381606 0.940205 0.0192682 0.0255768
0 0.0268935 0.437376 0.0112586 0.0209587
0 0.389885 0.497015 0.0179949 0.0185314
0 0.114877 0.106728 0.0114439 0.0180449
0 0.452362 0.0121548 0.0140968 0.0186745
0 0.285001 0.985386 0.028686 0.0267239
0 0.551933 0.467358 0.0139681 0.0221552
0 0.632006 0.396718 0.0156731 0.0189803
0 0.184358 0.860404 0.0155698 0.0245554
0 0.924966 0.277834 0.0181476 0.0217611
0 0.687611 0.51167 0.0108862 0.0103492
0 0.197665 0.658617 0.0190032 0.016908
0 0.190639 0.00426247 0.0215288 0.00805195
0 0.0359891 0.520113 0.0154302 0.0170108
0 0.049381 0.0859843 0.0128365 0.015311
0 0.851851 0.32939 0.0246761 0.0133486
0 0.0508216 0.127096 0.012771 0.0198843
0 0.617671 0.547306 0.0166813 0.018841
0 0.164967 0.340127 0.020416 0.0185387
0 0.588689 0.803933 0.0151074 0.0112901
0 0.366628 0.992742 0.0131143 0.0142086
0 0.542907 0.387362 0.0106432 0.0170043
0 0.746784 0.861603 0.0150287 0.0158054
0 0.367724 0.753234 0.012956 0.0123905
0 0.136041 0.986815 0.0168219 0.0196375
0 0.809045 0.395381 0.0109167 0.0229403
0 0.178796 0.35124 0.0229299 0.0167116
0 0.280039 0.878404 0.0174714 0.0236988
0 0.0278852 0.874038 0.0177306 0.0173421
0 0.0606513 0.60798 0.013655 0.0175556
0 0.360721 0.739684 0.0225702 0.0236486
0 0.239171 0.342558 0.0124364 0.0159387
0 0.271837 0.525994 0.0124651 0.0111998
0 0.353527 0.220928 0.0112612 0.0136984
0 0.121928 0.292312 0.0187127 0.0247019
0 0.607779 0.607241 0.0105348 0.0183518
0 0.0699745 0.277621 0.0147462 0.0225351
0 0.750497 0.991817 0.0154309 0.0140834
0 0.624198 0.970608 0.0158701 0.0195729
0 0.98933 0.766659 0.0137601 0.0184442
0 0.422993 0.27974 0.0170075 0.0221843
0 0.107211 0.627476 0.0218647 0.0266517
0 0.3882 0.226045 0.0167724 0.0143718
0 0.00425372 0.182765 0.00988535 0.0148198
0 0.311275 0.00387055 0.0165614 0.00717708
0 0.905071 0.464178 0.0133805 0.016847
0 0.513439 0.0191739 0.0111972 0.0160661
0 0.191717 0.749984 0.0152113 0.0196111
0 0.416291 0.0533924 0.0116504 0.0146698
0 0.49485 0.718783 0.0182583 0.0164466
0 0.0828218 0.290046 0.019505 0.0209529
0 0.98658 0.261864 0.0125398 0.0170726
0 0.381254 0.192169 0.0132238 0.0276204
0 0.786776 0.645507 0.0131029 0.0130429
0 0.273184 0.90471 0.0113168 0.0111618
0 0.795415 0.991553 0.0163579 0.0155023
0 0.805004 0.605775 0.0177053 0.020275
0 0.181975 0.552476 0.0167683 0.0125451
0 0.276006 0.359766 0.0153913 0.0164419
0 0.420986 0.415984 0.0117108 0.0175059
0 0.535141 0.145073 0.0179226 0.0209654
0 0.858496 0.164675 0.0203007 0.0197664
0 0.541402 0.269023 0.016806 0.0248058
0 0.0791615 0.29373 0.0170879 0.0169261
0 0.314058 0.288589 0.0168488 0.0194797
0 0.191647 0.529056 0.0146328 0.0145906
0 0.510285 0.747219 0.0181522 0.0148972
0 0.0358078 0.0198607 0.0132151 0.0105297
0 0.379365 0.813009 0.0110848 0.0142475
0 0.233565 0.740395 0.0152474 0.0125618
0 0.97117 0.326299 0.012511 0.0142626
0 0.437147 0.219153 0.0118692 0.0121706
0 0.706917 0.414052 0.0127251 0.0139688
0 0.728961 0.401871 0.0149412 0.016836
0 0.613681 0.701647 0.0197835 0.0230354
0 0.597082 0.273418 0.0142106 0.0179113
0 0.37997 0.943055 0.015723 0.0203741
0 0.319072 0.279697 0.0134168 0.0157753
0 0.958954 0.765265 0.0142537 0.0156037
0 0.279862 0.709509 0.0136394 0.0153596
0 0.880119 0.811608 0.0252671 0.0189388
0 0.996559 0.225739 0.00703707 0.0241475
0 0.773154 0.601768 0.0117383 0.0141541
0 0.539833 0.276661 0.0115478 0.012804
0 0.528978 0.447809 0.0119194 0.0109819
0 0.451629 0.172818 0.0124224 0.0160294
0 0.993774 0.280067 0.012816 0.0172141
0 0.455243 0.284035 0.0167115 0.0238165
0 0.695576 0.706452 0.0158823 0.0146345
0 0.346457 0.235022 0.0125729 0.0175166
0 0.773143 0.28933 0.0162349 0.0218149
0 0.84775 0.844673 0.0162461 0.0145882
0 0.171783 0.269023 0.0108308 0.0157656
0 0.223778 0.120692 0.00984073 0.0178311
0 0.401717 0.905893 0.0132748 0.0190015
0 0.387945 0.931518 0.015036 0.0185897
0 0.184375 0.348765 0.0153804 0.0141534
