0 0.771962 0.685064 0.022015 0.0175725
0 0.612898 0.544635 0.01209 0.0220631
0 0.984207 0.86353 0.0261744 0.0245827
0 0.255313 0.517717 0.0227316 0.0188169
0 0.0216351 0.163926 0.0166645 0.016223
0 0.381479 0.940284 0.0201588 0.0268182
0 0.636252 0.814303 0.0169561 0.017627
0 0.911043 0.358381 0.0197937 0.0254179
0 0.659425 0.756263 0.0243421 0.0244756
0 0.335725 0.549402 0.018529 0.0164299
0 0.0291032 0.43787 0.0115285 0.0235378
0 0.365791 0.639623 0.014695 0.0143644
0 0.829522 0.613891 0.0315278 0.0302979
0 0.551832 0.467026 0.0145403 0.0220987
0 0.632544 0.396643 0.0152674 0.0193999
0 0.452178 0.0121059 0.0146299 0.0193354
0 0.284976 0.985387 0.0302625 0.0268602
0 0.0277086 0.873519 0.0176789 0.0160558
0 0.114819 0.106899 0.0106632 0.0180205
0 0.650731 0.638709 0.0241172 0.0223138
0 0.389986 0.497173 0.0185194 0.0195774
0 0.197535 0.658434 0.0184959 0.0164447
0 0.851463 0.329338 0.024172 0.0134157
0 0.0367231 0.519485 0.0159609 0.0172043
0 0.190792 0.00428549 0.021296 0.00818952
0 0.184833 0.860721 0.0166924 0.0253687
0 0.589038 0.804009 0.0157671 0.0118276
0 0.164881 0.341647 0.0219252 0.0196581
0 0.988824 0.766622 0.0146988 0.0189279
0 0.542908 0.387728 0.0103016 0.0171612
0 0.17663 0.352797 0.0224741 0.0152144
0 0.0511794 0.127665 0.012443 0.0197059
0 0.750643 0.99138 0.0145093 0.0145835
0 0.239011 0.342243 0.012484 0.015784
0 0.0494171 0.0861764 0.0128747 0.0148654
0 0.107202 0.627293 0.0215241 0.0267959
0 0.7563 0.420498 0.0216154 0.0195914
0 0.668723 0.198261 0.015316 0.0197004
0 0.901911 0.237372 0.0212408 0.0182669
0 0.366619 0.992837 0.0134303 0.0137751
0 0.271573 0.526096 0.0134342 0.0116279
0 0.3683 0.753093 0.0130765 0.0132526
0 0.360951 0.739974 0.0227908 0.023702
0 0.279267 0.878363 0.0167522 0.0224922
0 0.262409 0.903772 0.0134976 0.0170547
0 0.541275 0.269379 0.0165755 0.0250795
0 0.191697 0.749792 0.0157701 0.0206896
0 0.924739 0.277867 0.0184402 0.0223038
0 0.416044 0.0547476 0.0114478 0.0154403
0 0.134652 0.989812 0.0135068 0.019195
0 0.00463833 0.182769 0.0102898 0.0148515
0 0.181942 0.552546 0.0176628 0.0134465
0 0.0605502 0.608334 0.0138779 0.0185878
0 0.0702481 0.278242 0.0148152 0.0231597
0 0.353484 0.220953 0.0113067 0.0136799
0 0.379522 0.813547 0.0124174 0.0161488
0 0.31174 0.00352428 0.0161986 0.00662507
0 0.421134 0.415898 0.0119996 0.0182301
0 0.223697 0.135365 0.0101997 0.0188888
0 0.53563 0.145006 0.0184906 0.0217482
0 0.0836956 0.2895 0.0188326 0.0199882
0 0.38849 0.226031 0.0157122 0.0136809
0 0.845648 0.329618 0.0139558 0.0123665
0 0.703429 0.406125 0.0164697 0.0160299
0 0.7289 0.402248 0.0176194 0.0191157
0 0.552244 0.558792 0.0147692 0.0197047
0 0.783054 0.649403 0.0129353 0.0161599
0 0.959256 0.764696 0.0151352 0.0157043
0 0.121693 0.292606 0.0187315 0.0252742
0 0.175144 0.264302 0.0136693 0.0141157
0 0.624633 0.970813 0.0161781 0.0192178
0 0.0357649 0.0199859 0.012382 0.0105753
0 0.422995 0.279692 0.0167287 0.0214825
0 0.805381 0.605924 0.0172393 0.0195887
0 0.496647 0.719008 0.0145864 0.0142419
0 0.43788 0.219329 0.011145 0.0125019
0 0.746526 0.860928 0.0142413 0.0134752
0 0.904788 0.46393 0.0130269 0.0163689
0 0.191336 0.529255 0.0142612 0.0141357
0 0.879184 0.812142 0.0238316 0.020017
0 0.597325 0.273434 0.0139616 0.018232
0 0.275798 0.360126 0.0139218 0.0159433
0 0.381445 0.191963 0.012656 0.0261149
0 0.314525 0.288267 0.0169229 0.0201943
0 0.771927 0.29032 0.0190503 0.0272604
0 0.847373 0.844942 0.0176641 0.0147661
0 0.279439 0.710036 0.0133014 0.0157142
0 0.996372 0.225338 0.00734491 0.0224726
0 0.51733 0.0290188 0.0172949 0.013325
0 0.798175 0.996377 0.0137784 0.00767004
0 0.321963 0.0249897 0.0140654 0.0120888
0 0.509526 0.74733 0.0174856 0.0146208
0 0.0888036 0.676851 0.0192107 0.0233499
0 0.971108 0.326771 0.0119902 0.0141705
0 0.723124 0.421756 0.0127812 0.0183216
0 0.540115 0.276886 0.0119861 0.0135726
0 0.773227 0.601963 0.0122407 0.0138823
0 0.528797 0.448405 0.0118117 0.0102932
0 0.701577 0.518892 0.012133 0.015608
0 0.490586 0.283143 0.0172084 0.0175889
0 0.379745 0.943005 0.016339 0.0213904
0 0.797846 0.996682 0.0133826 0.00714695
0 0.454999 0.283982 0.0166302 0.0227327
0 0.346579 0.234932 0.0124478 0.0175348
0 0.164047 0.338542 0.0183246 0.0154997
0 0.465455 0.301756 0.0175064 0.0189332
0 0.80794 0.401029 0.0108103 0.0239977
