0 0.772152 0.684953 0.0235749 0.018537
0 0.911843 0.358454 0.0197911 0.0252786
0 0.256267 0.517879 0.02511 0.0195953
0 0.984175 0.863334 0.0276609 0.0267571
0 0.021867 0.163655 0.0163517 0.015885
0 0.381792 0.939473 0.019745 0.0268351
0 0.0268023 0.438266 0.0111906 0.021834
0 0.636348 0.813929 0.0187099 0.0189469
0 0.365743 0.639527 0.015431 0.0144576
0 0.646708 0.637739 0.0198406 0.0273168
0 0.284389 0.98539 0.0299107 0.0271707
0 0.829489 0.614515 0.029762 0.0290943
0 0.336654 0.549407 0.0196559 0.0166034
0 0.659204 0.756153 0.0262906 0.0254625
0 0.61678 0.54686 0.0176787 0.0195256
0 0.197353 0.658128 0.0198822 0.0164869
0 0.809372 0.388407 0.0117775 0.0236076
0 0.18419 0.861318 0.0158989 0.0249184
0 0.115047 0.106975 0.0116314 0.0181809
0 0.390696 0.497278 0.0186683 0.019703
0 0.280634 0.878454 0.0174463 0.0232534
0 0.166176 0.342303 0.022796 0.022365
0 0.632148 0.397134 0.0159367 0.0191979
0 0.589583 0.803893 0.0158729 0.0122566
0 0.552241 0.467054 0.0138388 0.022198
0 0.190984 0.00404494 0.0210288 0.00775627
0 0.668766 0.197801 0.0150463 0.020339
0 0.0361476 0.520283 0.0153337 0.0163698
0 0.13795 0.985977 0.0153081 0.0230484
0 0.366844 0.99301 0.0131002 0.0136485
0 0.051472 0.126936 0.0127259 0.0202392
0 0.356343 0.0935021 0.0130984 0.0264101
0 0.191666 0.749965 0.0160135 0.0209256
0 0.451914 0.0121906 0.0138949 0.0184948
0 0.78882 0.635401 0.0114376 0.0219451
0 0.98912 0.765841 0.015498 0.0208049
0 0.924693 0.278367 0.0185818 0.0231496
0 0.0494318 0.0855964 0.0133821 0.0153254
0 0.027198 0.874507 0.0163161 0.0163137
0 0.985967 0.262499 0.0151989 0.0194825
0 0.367419 0.75354 0.0133045 0.012329
0 0.85043 0.329466 0.0228547 0.0127945
0 0.361023 0.739971 0.0226507 0.0239857
0 0.353638 0.220996 0.0115863 0.0136904
0 0.5429 0.387541 0.0102509 0.0169222
0 0.00481441 0.182592 0.010849 0.0152507
0 0.879325 0.813226 0.0290988 0.0240782
0 0.0606387 0.607948 0.0129708 0.0168006
0 0.541091 0.269295 0.0164662 0.0244257
0 0.239182 0.342764 0.0125937 0.0146251
0 0.107327 0.62738 0.0216052 0.0265687
0 0.624472 0.97067 0.0158582 0.0196494
0 0.728027 0.403285 0.0151204 0.0202941
0 0.535445 0.14453 0.0202713 0.0232398
0 0.379479 0.813408 0.0122328 0.0146792
0 0.27219 0.52564 0.0139008 0.012357
0 0.845474 0.329642 0.013441 0.0115375
0 0.750426 0.991616 0.015283 0.0139323
0 0.0699889 0.277975 0.0144727 0.0228143
0 0.416906 0.0541507 0.0118604 0.0162804
0 0.708996 0.417635 0.0133367 0.0136658
0 0.605936 0.617953 0.0117779 0.01895
0 0.312217 0.00350595 0.0169583 0.00626806
0 0.423249 0.279885 0.0172518 0.0222605
0 0.276009 0.359959 0.015579 0.0166194
0 0.512859 0.0188893 0.0118592 0.0158219
0 0.388273 0.226208 0.0167545 0.0139845
0 0.773341 0.288836 0.0150728 0.0212661
0 0.182473 0.552513 0.0176252 0.01265
0 0.80579 0.605073 0.0179032 0.0183936
0 0.31401 0.288667 0.0167983 0.0188931
0 0.773139 0.601951 0.0116185 0.0140045
0 0.746278 0.85903 0.0167668 0.0141668
0 0.847585 0.844033 0.018163 0.0160424
0 0.121477 0.293628 0.0173789 0.0236143
0 0.18608 0.349107 0.0144726 0.0150493
0 0.421012 0.416081 0.0122894 0.0174135
0 0.745082 0.3917 0.0126789 0.0184594
0 0.235018 0.742139 0.0157364 0.0122279
0 0.191503 0.529152 0.0148896 0.0148612
0 0.796389 0.991232 0.0171046 0.016863
0 0.0356553 0.0199992 0.0125731 0.0107323
0 0.223695 0.114494 0.0133868 0.0154812
0 0.437903 0.219672 0.0110157 0.0118426
0 0.380008 0.942743 0.0158563 0.0208402
0 0.0779393 0.293779 0.0164183 0.0163117
0 0.167031 0.270637 0.00927334 0.0138162
0 0.509678 0.747734 0.0177215 0.015522
0 0.280505 0.710489 0.0138766 0.0163509
0 0.225823 0.445839 0.0139385 0.0117024
0 0.857938 0.164541 0.0206888 0.0196335
0 0.597227 0.273906 0.0140829 0.0187032
0 0.996479 0.225749 0.00717287 0.0232191
0 0.539883 0.276488 0.0118737 0.0132529
0 0.0876909 0.2861 0.014471 0.0175909
0 0.528415 0.448266 0.0114059 0.0100546
0 0.49071 0.283087 0.0147013 0.0156713
0 0.251566 0.473502 0.0170135 0.0118545
0 0.45192 0.17324 0.0128162 0.0166209
0 0.971322 0.326607 0.0115484 0.0137798
0 0.695468 0.709463 0.0153934 0.0147164
0 0.346666 0.23538 0.0126185 0.017347
0 0.455205 0.28411 0.0173865 0.0244032
0 0.971386 0.326752 0.0116935 0.0139936
0 0.165215 0.338049 0.0182099 0.0153866
