0 0.77224 0.685244 0.0232519 0.0181154
0 0.911829 0.35815 0.0200798 0.025176
0 0.255955 0.517507 0.0247557 0.0189154
0 0.0218465 0.163657 0.0169306 0.0159371
0 0.984697 0.863865 0.0270204 0.0249207
0 0.0266393 0.438337 0.011615 0.0231582
0 0.382275 0.939439 0.0205079 0.0272039
0 0.284222 0.985515 0.0303199 0.0270921
0 0.636436 0.813971 0.018553 0.0185189
0 0.366073 0.639679 0.0147497 0.0142846
0 0.336646 0.549022 0.0196493 0.0172194
0 0.659523 0.755973 0.0256409 0.0251337
0 0.809628 0.388149 0.0118309 0.0234118
0 0.115102 0.106605 0.0108823 0.0180564
0 0.64666 0.639036 0.0190428 0.0275762
0 0.828898 0.614908 0.0296861 0.0280074
0 0.45197 0.0124505 0.014033 0.0186087
0 0.390611 0.497413 0.0172698 0.018401
0 0.55217 0.46716 0.0141969 0.0217392
0 0.19109 0.00408231 0.0213373 0.00787588
0 0.197928 0.658595 0.0181993 0.0165336
0 0.165479 0.339982 0.0207241 0.0185106
0 0.13828 0.984826 0.0157612 0.0241941
0 0.988535 0.766296 0.0151854 0.0198151
0 0.184572 0.861075 0.0158961 0.0248315
0 0.589288 0.804128 0.0159295 0.0118707
0 0.0493686 0.086029 0.0133695 0.0153439
0 0.61815 0.546937 0.0167885 0.0195626
0 0.543031 0.387757 0.0105604 0.0167096
0 0.0512862 0.127094 0.0125714 0.0200319
0 0.631982 0.397124 0.0151656 0.0183592
0 0.280068 0.879982 0.017141 0.0267127
0 0.851604 0.32957 0.0239396 0.0128316
0 0.35549 0.0931528 0.0115348 0.0246508
0 0.0360037 0.520252 0.0153403 0.0162314
0 0.787977 0.635723 0.0116103 0.0215929
0 0.366598 0.992825 0.0133207 0.0139272
0 0.0607084 0.608309 0.0137379 0.0179734
0 0.367827 0.753529 0.0130161 0.0119681
0 0.0701036 0.277881 0.0146203 0.02284
0 0.360952 0.740094 0.0231336 0.024729
0 0.107043 0.627696 0.0216197 0.0263932
0 0.353449 0.220783 0.0113534 0.013436
0 0.239489 0.342448 0.0118127 0.0151923
0 0.624552 0.970662 0.0165373 0.0202124
0 0.985993 0.262142 0.0149251 0.0185019
0 0.668707 0.198228 0.0139778 0.0200466
0 0.272045 0.525575 0.0131965 0.0124649
0 0.388317 0.226208 0.0163368 0.0141985
0 0.311886 0.00348265 0.0165314 0.00635796
0 0.00491165 0.182689 0.0110695 0.0151345
0 0.416708 0.0538755 0.01176 0.0153561
0 0.605709 0.619702 0.0118419 0.0198325
0 0.845683 0.329749 0.0131991 0.0117452
0 0.423355 0.279873 0.0171618 0.0222399
0 0.750525 0.991721 0.0150968 0.0139717
0 0.0274065 0.874325 0.0165954 0.0161023
0 0.421029 0.416461 0.0120409 0.0175072
0 0.924692 0.278438 0.0185122 0.0228688
0 0.53538 0.144693 0.0184221 0.0225646
0 0.43812 0.219662 0.011676 0.0125181
0 0.512744 0.0187729 0.0115419 0.016195
0 0.275677 0.35994 0.0144918 0.0164647
0 0.182247 0.552672 0.0174445 0.0126686
0 0.121675 0.293718 0.0173151 0.0221175
0 0.745246 0.857503 0.016192 0.0131915
0 0.184698 0.349746 0.0163163 0.0157059
0 0.723703 0.606343 0.0114203 0.0181738
0 0.879881 0.81199 0.0273479 0.0214999
0 0.847624 0.844196 0.017267 0.0155737
0 0.541447 0.269347 0.015971 0.0237622
0 0.958968 0.764346 0.0159249 0.0156289
0 0.772996 0.60206 0.0120336 0.0138587
0 0.379481 0.812967 0.0115862 0.0134159
0 0.0829602 0.289666 0.0192677 0.0207597
0 0.70908 0.416587 0.0119556 0.012885
0 0.191813 0.750144 0.0151877 0.019823
0 0.314076 0.288502 0.0165993 0.0185151
0 0.322052 0.0251186 0.0120702 0.011375
0 0.729229 0.403519 0.0155107 0.0207996
0 0.805596 0.604995 0.0178138 0.0177251
0 0.79614 0.991635 0.0169042 0.0151924
0 0.0356732 0.0195888 0.0123078 0.0108414
0 0.233807 0.742078 0.0158084 0.0115236
0 0.223429 0.114954 0.0131274 0.0157459
0 0.380161 0.942634 0.0159952 0.0210626
0 0.280153 0.710417 0.0138747 0.0159825
0 0.996595 0.224907 0.00688896 0.0230829
0 0.191602 0.529082 0.0142143 0.0143421
0 0.50977 0.748174 0.0176579 0.0152963
0 0.187275 0.347672 0.0125421 0.013087
0 0.69491 0.709202 0.0161148 0.0139936
0 0.971047 0.326564 0.0122461 0.0144709
0 0.539877 0.276572 0.0113894 0.0125984
0 0.251074 0.473232 0.0159216 0.0113036
0 0.597622 0.27339 0.0132875 0.0180489
0 0.744578 0.39049 0.0127625 0.018876
0 0.490756 0.283268 0.0150845 0.0158853
0 0.166017 0.272511 0.0092696 0.0123988
0 0.528583 0.448271 0.011118 0.0108024
0 0.402119 0.905824 0.0126428 0.0184294
0 0.346676 0.235701 0.0129587 0.0176324
0 0.455083 0.284255 0.0167347 0.0237598
0 0.467188 0.301281 0.0174599 0.0185863
