0 0.772214 0.684979 0.0229561 0.0184003
0 0.911423 0.358505 0.0198659 0.0252879
0 0.984397 0.863819 0.0268661 0.0255811
0 0.256206 0.517871 0.0245386 0.0191151
0 0.36562 0.639372 0.0151412 0.0141474
0 0.021705 0.163928 0.0159439 0.0150526
0 0.636367 0.814258 0.0173943 0.01747
0 0.659389 0.75611 0.0253274 0.0244961
0 0.336143 0.549216 0.0195869 0.0173715
0 0.0272714 0.438825 0.0121571 0.0247535
0 0.389904 0.49667 0.018195 0.0198829
0 0.381871 0.939782 0.0202366 0.0264239
0 0.284509 0.985365 0.0304838 0.0273377
0 0.114977 0.106565 0.011058 0.0173392
0 0.809272 0.39079 0.012069 0.0236302
0 0.0511423 0.127159 0.0128348 0.0195492
0 0.165481 0.340541 0.0209329 0.0196186
0 0.184311 0.86056 0.0156661 0.0256846
0 0.61798 0.545428 0.0160599 0.0215557
0 0.82901 0.614896 0.0305129 0.028917
0 0.609071 0.615138 0.0147618 0.0211622
0 0.0359672 0.520049 0.0155107 0.0169475
0 0.049533 0.085945 0.0128632 0.0151174
0 0.5518 0.467008 0.0137999 0.0217109
0 0.632381 0.397047 0.0162032 0.0196292
0 0.669064 0.198129 0.0161413 0.0212249
0 0.85079 0.329174 0.023174 0.0133763
0 0.588686 0.803902 0.0150323 0.0118521
0 0.64765 0.637558 0.0223563 0.0247867
0 0.136258 0.986496 0.0170158 0.0223947
0 0.163796 0.266422 0.014813 0.0124719
0 0.191543 0.00400608 0.02197 0.00764779
0 0.452098 0.0125944 0.0142939 0.0193147
0 0.232295 0.11621 0.0107143 0.0180823
0 0.239212 0.34213 0.0129385 0.0157803
0 0.360981 0.739816 0.0229695 0.0244809
0 0.366944 0.993084 0.0127952 0.0132546
0 0.543234 0.387306 0.0109708 0.0173932
0 0.197754 0.658358 0.0191066 0.017215
0 0.368143 0.753209 0.0128753 0.012292
0 0.988625 0.766985 0.0139446 0.0180221
0 0.197379 0.658504 0.0190332 0.017071
0 0.750815 0.991567 0.0155118 0.0141773
0 0.682287 0.499801 0.0157404 0.0155494
0 0.070157 0.277935 0.0144698 0.0230357
0 0.18159 0.350394 0.0194776 0.0163435
0 0.191892 0.750105 0.0158964 0.0201876
0 0.353225 0.220854 0.0112423 0.0135952
0 0.271871 0.52539 0.0133222 0.0122443
0 0.107499 0.627398 0.0212937 0.0260932
0 0.354895 0.0925693 0.0120664 0.0252164
0 0.281241 0.877402 0.0166819 0.0217922
0 0.00425214 0.182959 0.00969776 0.014851
0 0.423149 0.279879 0.0170335 0.0222098
0 0.0609431 0.608197 0.0132153 0.0174272
0 0.845459 0.32946 0.0133392 0.0121378
0 0.540985 0.2694 0.016127 0.0243087
0 0.388098 0.226675 0.0172997 0.0148328
0 0.0273574 0.874026 0.0190037 0.0184085
0 0.312822 0.00343149 0.0181355 0.00654724
0 0.513433 0.0182676 0.0119151 0.0163759
0 0.42096 0.416193 0.0121858 0.0180935
0 0.182473 0.552424 0.0181583 0.0131348
0 0.122191 0.29373 0.0182571 0.0220695
0 0.416958 0.0533581 0.0121874 0.0157218
0 0.8052 0.605947 0.018431 0.0196011
0 0.313894 0.288372 0.017079 0.0190465
0 0.708488 0.414824 0.0136504 0.014157
0 0.795674 0.991508 0.0163654 0.0154837
0 0.509848 0.748025 0.0171413 0.0153213
0 0.9586 0.764619 0.0160379 0.0153137
0 0.275728 0.360029 0.014583 0.0165247
0 0.534564 0.144725 0.016668 0.0197453
0 0.379751 0.812978 0.0119251 0.0144689
0 0.986569 0.261151 0.0140722 0.0177681
0 0.788662 0.645093 0.012887 0.0121223
0 0.0356663 0.0197947 0.0124235 0.0105289
0 0.795931 0.991487 0.0171352 0.0166746
0 0.773152 0.288676 0.016276 0.0223845
0 0.0836428 0.289706 0.0189532 0.0208322
0 0.597154 0.27328 0.0138569 0.0178975
0 0.233109 0.741149 0.0154143 0.0117391
0 0.279747 0.709932 0.0135102 0.0158308
0 0.191426 0.52917 0.0145314 0.0141448
0 0.924684 0.278127 0.0185217 0.0223463
0 0.971187 0.326518 0.0125485 0.0142821
0 0.90471 0.464765 0.0124948 0.0159263
0 0.723667 0.617202 0.0116287 0.0174819
0 0.773112 0.601565 0.0117679 0.0136554
0 0.728631 0.402081 0.0155679 0.0181286
0 0.379907 0.942725 0.0160303 0.0209302
0 0.747643 0.861751 0.0161254 0.016247
0 0.437944 0.21965 0.0125727 0.0125906
0 0.381548 0.192187 0.0133573 0.0268585
0 0.624213 0.970722 0.0158392 0.0190239
0 0.996262 0.225548 0.00791511 0.0225406
0 0.695541 0.708465 0.0163229 0.015469
0 0.744573 0.39286 0.0132438 0.0183107
0 0.932454 0.956635 0.0137078 0.0200714
0 0.226121 0.446143 0.0146869 0.0125229
0 0.466187 0.301379 0.0174263 0.0187854
0 0.274859 0.904147 0.0124176 0.0134413
0 0.49129 0.283152 0.0145314 0.015636
0 0.858124 0.16486 0.020726 0.0193492
0 0.540092 0.276248 0.0121068 0.0137781
0 0.455131 0.283961 0.0165237 0.0235546
0 0.724166 0.420735 0.0133023 0.0175119
0 0.52858 0.448294 0.0117809 0.0102256
0 0.164478 0.337444 0.0178002 0.0148213
0 0.847686 0.844681 0.0156149 0.0145534
0 0.184641 0.348495 0.0155657 0.014294
0 0.346528 0.235261 0.0125859 0.0174101
0 0.253844 0.474416 0.0135802 0.0109611
0 0.401694 0.90589 0.0134649 0.0200164
