0 0.772008 0.68503 0.0221936 0.0176737
0 0.911328 0.358452 0.0194488 0.0246429
0 0.0219684 0.163712 0.0168237 0.0156519
0 0.659355 0.755966 0.0261935 0.0258708
0 0.984409 0.863946 0.0261049 0.0245856
0 0.255754 0.517779 0.0233873 0.0186154
0 0.381906 0.940254 0.0201177 0.0267655
0 0.636581 0.81429 0.0184306 0.0181258
0 0.365733 0.639932 0.0136915 0.0132594
0 0.336294 0.549799 0.0193776 0.0163261
0 0.0284536 0.437111 0.0110786 0.0224578
0 0.829484 0.615186 0.0286781 0.0272253
0 0.284813 0.985698 0.0296016 0.0264411
0 0.669175 0.197772 0.0166534 0.0202983
0 0.390057 0.497807 0.018626 0.0198486
0 0.197578 0.658937 0.0193415 0.0177435
0 0.114925 0.106668 0.0111481 0.0189492
0 0.0360365 0.51979 0.0156647 0.0168725
0 0.648588 0.639154 0.0226273 0.0253502
0 0.551718 0.467222 0.0142685 0.022329
0 0.452655 0.0121 0.0144615 0.0199584
0 0.616669 0.54747 0.0170299 0.0181586
0 0.164915 0.340389 0.0207926 0.0190639
0 0.191169 0.00398106 0.021844 0.0076341
0 0.852014 0.329541 0.0252131 0.0132104
0 0.0495208 0.0862057 0.0128763 0.0151738
0 0.631945 0.396758 0.0148753 0.0182577
0 0.178019 0.35212 0.0233589 0.0167077
0 0.543037 0.387584 0.0108011 0.0165316
0 0.366915 0.992568 0.0134168 0.0140259
0 0.184458 0.860194 0.0158798 0.0247954
0 0.368003 0.753437 0.0122422 0.0126861
0 0.588622 0.803824 0.0142838 0.0106066
0 0.13624 0.986532 0.0164539 0.0199381
0 0.238984 0.342081 0.013117 0.0168073
0 0.808753 0.395066 0.0112705 0.0229445
0 0.35331 0.220934 0.0113048 0.0138949
0 0.420976 0.416015 0.0121004 0.0176497
0 0.0603159 0.607186 0.0122309 0.0166404
0 0.107378 0.627717 0.0212876 0.0261437
0 0.182109 0.552698 0.0178947 0.0130498
0 0.75068 0.99195 0.0152756 0.0139557
0 0.191678 0.750214 0.0149975 0.0196519
0 0.310837 0.00362615 0.0154792 0.00690033
0 0.360856 0.740107 0.0220988 0.0238057
0 0.271886 0.526058 0.01336 0.0113696
0 0.513706 0.0196954 0.0118572 0.0172223
0 0.0700246 0.27803 0.014245 0.0228993
0 0.38843 0.226824 0.0168984 0.0144944
0 0.747163 0.861706 0.014763 0.015869
0 0.416453 0.0539739 0.0116479 0.0154975
0 0.924616 0.278219 0.0193597 0.0233145
0 0.423032 0.279858 0.0165937 0.0216925
0 0.624449 0.970617 0.0155103 0.0194645
0 0.0273883 0.874061 0.0179105 0.0156531
0 0.988924 0.767664 0.0124856 0.0173134
0 0.541066 0.269398 0.0165557 0.0242477
0 0.0833938 0.289539 0.019648 0.0209473
0 0.12253 0.292155 0.0196468 0.0249264
0 0.692546 0.510185 0.0107381 0.0127667
0 0.494543 0.718793 0.0177867 0.0171618
0 0.79553 0.991376 0.0161822 0.0155934
0 0.22056 0.126176 0.0126189 0.0175655
0 0.60722 0.603256 0.0119178 0.0146334
0 0.728496 0.402476 0.0167038 0.0189334
0 0.987587 0.261793 0.013457 0.0187492
0 0.379235 0.812939 0.0112799 0.0141244
0 0.00411017 0.182904 0.00962601 0.0141837
0 0.17363 0.266599 0.0109884 0.0164113
0 0.805221 0.605746 0.017765 0.019311
0 0.23412 0.740536 0.015615 0.0118241
0 0.381772 0.191505 0.0126661 0.0256411
0 0.597013 0.273469 0.0137699 0.0174736
0 0.191586 0.529282 0.0147507 0.0148339
0 0.958876 0.76536 0.0141158 0.0152994
0 0.279844 0.709703 0.013273 0.0152404
0 0.722838 0.421766 0.0130151 0.0177218
0 0.313875 0.289112 0.0163515 0.018972
0 0.916957 0.553472 0.018336 0.025054
0 0.438159 0.219755 0.0120472 0.0119081
0 0.0356516 0.0197889 0.0124341 0.0110327
0 0.847541 0.844155 0.0172441 0.0161388
0 0.721151 0.33551 0.0207381 0.027422
0 0.971286 0.326848 0.0122803 0.0147681
0 0.279865 0.877958 0.0170226 0.0229819
0 0.785951 0.646291 0.0121853 0.0112876
0 0.773164 0.601705 0.0116978 0.0129901
0 0.534814 0.144625 0.0197759 0.02266
0 0.275848 0.360037 0.0144387 0.0164676
0 0.879452 0.812409 0.0264932 0.0208945
0 0.706583 0.411781 0.0157599 0.0156601
0 0.3802 0.943202 0.0163379 0.0211304
0 0.996779 0.22517 0.00678864 0.0224562
0 0.695761 0.707739 0.0162387 0.015076
0 0.510317 0.747702 0.0184158 0.0142581
0 0.454967 0.284165 0.0162139 0.0234448
0 0.465935 0.301881 0.0171157 0.0186409
0 0.346711 0.235122 0.0126086 0.0179397
0 0.72128 0.630276 0.0146815 0.0179313
0 0.858257 0.164626 0.020705 0.0195629
0 0.491499 0.283097 0.0150682 0.0159925
0 0.528585 0.448201 0.0117594 0.0102066
0 0.53969 0.27652 0.0119813 0.0132833
0 0.932109 0.956513 0.0132296 0.0188693
