0 0.613433 0.545122 0.0114659 0.0214605
0 0.772106 0.685262 0.0218596 0.0176969
0 0.255854 0.518051 0.0248405 0.0192463
0 0.0212754 0.16418 0.0168157 0.0160967
0 0.636074 0.813972 0.0171404 0.0172676
0 0.984049 0.863552 0.0269557 0.0252281
0 0.911075 0.358258 0.0199046 0.0259732
0 0.335544 0.549377 0.0189193 0.0165567
0 0.381168 0.940793 0.0197564 0.025825
0 0.365718 0.639719 0.0140756 0.0131671
0 0.284695 0.985447 0.0295842 0.0267398
0 0.390012 0.496921 0.0188953 0.019406
0 0.452229 0.0127364 0.0149149 0.0203956
0 0.028111 0.437825 0.0105352 0.0226865
0 0.114887 0.106868 0.0116644 0.0179311
0 0.851704 0.329278 0.0245338 0.0139092
0 0.658775 0.756262 0.0236457 0.0243589
0 0.750546 0.991321 0.0149005 0.0150459
0 0.191517 0.00405819 0.0205405 0.00799243
0 0.197629 0.658565 0.0196552 0.0174464
0 0.632213 0.397248 0.0148362 0.0189054
0 0.829121 0.615129 0.0313375 0.0298871
0 0.178392 0.26387 0.0132364 0.018451
0 0.588925 0.804063 0.0149581 0.0119741
0 0.0365812 0.51986 0.0160654 0.0169533
0 0.551866 0.466907 0.0139508 0.0223227
0 0.16532 0.341956 0.0220502 0.0198563
0 0.0277292 0.873526 0.0174672 0.016153
0 0.36667 0.99225 0.0129843 0.0147055
0 0.184446 0.861208 0.0154207 0.0235691
0 0.0496065 0.0862516 0.0124899 0.0146356
0 0.543137 0.38764 0.0106134 0.016719
0 0.176662 0.352444 0.0221749 0.0155194
0 0.757718 0.420487 0.0219975 0.0198547
0 0.368382 0.753124 0.0122919 0.0127777
0 0.271529 0.525957 0.0133146 0.0117172
0 0.541107 0.269434 0.0165833 0.0242908
0 0.669377 0.198889 0.0157251 0.0207157
0 0.060821 0.608678 0.0139231 0.0191615
0 0.0699561 0.278008 0.0152253 0.0234384
0 0.988841 0.767422 0.0130763 0.0171717
0 0.238984 0.342561 0.0129277 0.0159434
0 0.415686 0.0543354 0.0116531 0.0159315
0 0.423002 0.279798 0.0165475 0.0219224
0 0.311739 0.00346377 0.0153234 0.00650503
0 0.649914 0.639043 0.0241225 0.0228508
0 0.42118 0.415858 0.0122824 0.0186179
0 0.924686 0.277682 0.0185303 0.0230635
0 0.182451 0.552732 0.0186738 0.0134908
0 0.361062 0.740409 0.0227957 0.0242386
0 0.388242 0.226043 0.0155703 0.0140676
0 0.107084 0.627339 0.0218523 0.0267998
0 0.0823222 0.290107 0.020424 0.0211561
0 0.353416 0.220884 0.0113165 0.0141247
0 0.279564 0.878408 0.0172306 0.0220499
0 0.535578 0.144909 0.0200447 0.0234787
0 0.552572 0.558374 0.0139647 0.0184495
0 0.379483 0.813076 0.0114012 0.0143912
0 0.191757 0.749727 0.0155361 0.0210965
0 0.783502 0.642358 0.0146297 0.0111488
0 0.121849 0.292456 0.0187424 0.0243984
0 0.703654 0.407311 0.0174286 0.014433
0 0.624354 0.970638 0.0147496 0.0190387
0 0.901598 0.237214 0.0201506 0.0178848
0 0.00423512 0.182415 0.00964269 0.0144152
0 0.438002 0.219607 0.0121122 0.0129214
0 0.904672 0.464201 0.0121382 0.0148215
0 0.728923 0.402006 0.0167058 0.0187536
0 0.220986 0.141735 0.0110097 0.0205135
0 0.59713 0.27313 0.0139038 0.0180504
0 0.321808 0.0246581 0.0121731 0.0124734
0 0.87958 0.811376 0.0227092 0.0178262
0 0.12209 0.292368 0.018825 0.0247627
0 0.970787 0.326745 0.01275 0.0145583
0 0.701001 0.513899 0.0116301 0.0129235
0 0.805316 0.605531 0.017985 0.0189145
0 0.495904 0.718978 0.0151148 0.0147759
0 0.51695 0.0293169 0.018043 0.0141151
0 0.455471 0.695603 0.013409 0.0155101
0 0.191391 0.52897 0.0148893 0.0139098
0 0.3553 0.740385 0.0131721 0.0198258
0 0.0355567 0.0196797 0.0131048 0.0113548
0 0.746749 0.861361 0.0150633 0.0134114
0 0.958998 0.764538 0.0149628 0.0150685
0 0.314362 0.288073 0.0167373 0.0203074
0 0.79741 0.99644 0.0141882 0.00759608
0 0.136068 0.991356 0.0167741 0.0163497
0 0.381664 0.192718 0.0131742 0.0277078
0 0.797866 0.996183 0.0139598 0.00806528
0 0.996422 0.224874 0.00734739 0.0229505
0 0.262726 0.907036 0.01274 0.0136734
0 0.2755 0.359837 0.0134836 0.0153851
0 0.509702 0.747475 0.0175943 0.01598
0 0.0889792 0.676966 0.0192525 0.024163
0 0.465882 0.301538 0.0177301 0.0188566
0 0.279615 0.70988 0.0132488 0.015135
0 0.773117 0.601733 0.0112848 0.0133992
0 0.455227 0.284038 0.0168834 0.0238267
0 0.225906 0.446172 0.0137007 0.0116475
0 0.917414 0.55363 0.0183274 0.0240746
0 0.847373 0.844509 0.016233 0.0158231
0 0.723351 0.421603 0.0127012 0.0184767
0 0.763642 0.418483 0.0123079 0.0163774
0 0.379782 0.943345 0.016453 0.0208633
0 0.539857 0.276745 0.0118754 0.0129895
0 0.529171 0.448071 0.0116773 0.0111197
0 0.346529 0.235209 0.0125697 0.0176629
0 0.164159 0.338908 0.0180344 0.0157599
