0 0.771927 0.685045 0.0224885 0.0181311
0 0.911071 0.358366 0.0202892 0.0253069
0 0.027773 0.437815 0.0115205 0.0234308
0 0.984563 0.864055 0.0267094 0.0239738
0 0.25582 0.517687 0.0233525 0.0185218
0 0.381606 0.940473 0.0199873 0.0263987
0 0.635993 0.81433 0.0175608 0.0173646
0 0.365909 0.639818 0.0147101 0.0127482
0 0.335594 0.549479 0.0190346 0.0160168
0 0.615226 0.547531 0.0160921 0.0189583
0 0.0216466 0.163671 0.015886 0.0153338
0 0.658867 0.756236 0.024168 0.0250028
0 0.829609 0.615404 0.0306109 0.0285468
0 0.649907 0.639262 0.023365 0.0229988
0 0.114934 0.106794 0.0116199 0.0188701
0 0.390225 0.497283 0.018557 0.0192446
0 0.632334 0.396445 0.0161211 0.0196272
0 0.452434 0.0122621 0.0143579 0.019694
0 0.285307 0.985447 0.0289869 0.0268371
0 0.668258 0.197435 0.0151961 0.017762
0 0.166002 0.343286 0.0230913 0.0215696
0 0.5887 0.804435 0.0154788 0.0114404
0 0.184796 0.860624 0.016359 0.0247401
0 0.176779 0.35236 0.0233034 0.0154856
0 0.191268 0.0040954 0.0209642 0.00793331
0 0.107341 0.627594 0.0215975 0.0268847
0 0.136971 0.986541 0.0141888 0.023409
0 0.0496415 0.0864795 0.0133648 0.0154077
0 0.197659 0.658792 0.0190046 0.0166852
0 0.850796 0.329521 0.0228674 0.0132343
0 0.551813 0.46677 0.0142102 0.0222968
0 0.036503 0.519435 0.0153843 0.0172158
0 0.0266538 0.873593 0.0175627 0.015062
0 0.61029 0.59906 0.0142668 0.0165743
0 0.238955 0.342874 0.0125442 0.0152234
0 0.750623 0.991355 0.0150866 0.0145955
0 0.542976 0.387633 0.010255 0.0171984
0 0.367862 0.753219 0.0127595 0.0125679
0 0.0700888 0.277934 0.015074 0.0236663
0 0.416027 0.0538239 0.0116044 0.0159629
0 0.366421 0.992667 0.0133305 0.0139542
0 0.272029 0.526241 0.013676 0.0117319
0 0.280098 0.879143 0.0178562 0.0244126
0 0.754874 0.417827 0.0199514 0.024702
0 0.988501 0.766831 0.0143716 0.0182469
0 0.423035 0.279706 0.0167614 0.0224036
0 0.311239 0.0036937 0.0157201 0.0070193
0 0.552056 0.558602 0.0146429 0.0194439
0 0.845461 0.329837 0.0133348 0.0123016
0 0.360997 0.740007 0.0227892 0.0238959
0 0.924905 0.278043 0.0181217 0.0222545
0 0.353386 0.220911 0.0108464 0.0135962
0 0.62424 0.970753 0.016003 0.0192617
0 0.121871 0.292328 0.0184849 0.0256051
0 0.230324 0.135695 0.0127129 0.0150093
0 0.0598037 0.607085 0.0122633 0.0153034
0 0.7838 0.653163 0.0143378 0.0161015
0 0.771597 0.290715 0.019489 0.0284671
0 0.706654 0.406345 0.0165455 0.0201775
0 0.535438 0.144983 0.020112 0.0221955
0 0.0842361 0.289368 0.018298 0.0199852
0 0.905071 0.464707 0.0124516 0.0168156
0 0.84756 0.844142 0.0161361 0.016192
0 0.421229 0.416086 0.0118961 0.0174744
0 0.00443821 0.182532 0.0101054 0.0141641
0 0.879332 0.811456 0.0236272 0.0186402
0 0.541111 0.269658 0.0161716 0.0242187
0 0.970787 0.326734 0.0128891 0.0144958
0 0.387418 0.225612 0.0149682 0.0133286
0 0.379412 0.812918 0.0109067 0.0141294
0 0.182503 0.552339 0.0169301 0.0126268
0 0.987456 0.261565 0.0124239 0.0176322
0 0.381645 0.192588 0.0126783 0.0288056
0 0.746839 0.861185 0.0152626 0.013407
0 0.191598 0.749996 0.0156202 0.0208393
0 0.697256 0.509365 0.0137815 0.0177342
0 0.169626 0.260062 0.0121722 0.0123306
0 0.279713 0.709664 0.0134581 0.0149792
0 0.728762 0.402793 0.0167257 0.0206749
0 0.795601 0.99372 0.0140059 0.0122665
0 0.265778 0.908456 0.0125196 0.0141082
0 0.0792757 0.293523 0.0170202 0.0166816
0 0.725905 0.642679 0.0116451 0.0177294
0 0.804932 0.606056 0.0182144 0.0199665
0 0.355022 0.740349 0.0127782 0.0192097
0 0.0885405 0.676798 0.0197886 0.0232812
0 0.351003 0.0762782 0.0128847 0.0190464
0 0.858124 0.164346 0.0215452 0.0207186
0 0.703669 0.99522 0.0278884 0.00953662
0 0.275776 0.360091 0.0137814 0.0159421
0 0.233722 0.740238 0.0146007 0.0121517
0 0.695438 0.707791 0.015413 0.0150645
0 0.035602 0.0194821 0.0125392 0.0109953
0 0.313832 0.289701 0.0164255 0.0196196
0 0.191311 0.529009 0.0147828 0.0143574
0 0.437952 0.22 0.0116889 0.012019
0 0.380063 0.943255 0.0164098 0.0210924
0 0.95884 0.76539 0.0153445 0.0158596
0 0.5972 0.273408 0.0138741 0.0172775
0 0.932097 0.956224 0.0138258 0.0193406
0 0.539905 0.276616 0.0121875 0.0135534
0 0.773344 0.602215 0.0120811 0.0136769
0 0.401661 0.90627 0.0123156 0.0187018
0 0.996192 0.225502 0.00803423 0.0219478
0 0.528827 0.448142 0.0123631 0.0110337
0 0.465998 0.301971 0.017608 0.0191079
0 0.509385 0.747589 0.0178774 0.0150335
0 0.723447 0.421281 0.0123081 0.0193181
0 0.454917 0.284089 0.0168208 0.0234367
0 0.451847 0.173196 0.0119693 0.0154822
0 0.808699 0.400068 0.0105309 0.0214906
0 0.164329 0.339204 0.0184452 0.0163462
0 0.520391 0.0245134 0.0161887 0.0185116
0 0.388369 0.931497 0.014954 0.018198
