0 0.771889 0.68482 0.0222298 0.0179111
0 0.911126 0.358407 0.0201086 0.0260086
0 0.0216518 0.163839 0.0166657 0.0159539
0 0.659083 0.755745 0.0237649 0.0247298
0 0.0269655 0.438089 0.0112565 0.0234172
0 0.636347 0.814216 0.0171121 0.0167047
0 0.336127 0.549551 0.0193628 0.0168862
0 0.984424 0.864682 0.0266327 0.02487
0 0.365505 0.639509 0.014075 0.0134687
0 0.255562 0.51744 0.0225167 0.0182705
0 0.648986 0.639153 0.0229123 0.024017
0 0.61623 0.547768 0.0170884 0.0193648
0 0.381432 0.940401 0.0200077 0.0264187
0 0.452237 0.0126203 0.0137146 0.0193847
0 0.829769 0.614364 0.0310615 0.0298564
0 0.390263 0.497358 0.0185425 0.0185211
0 0.184283 0.860481 0.0158358 0.0244054
0 0.197635 0.658959 0.0197301 0.017343
0 0.284876 0.985618 0.0285777 0.0261135
0 0.191695 0.00423102 0.0209899 0.00810379
0 0.114731 0.107263 0.0111321 0.0176384
0 0.850206 0.329641 0.0226735 0.0135
0 0.588533 0.804397 0.0149261 0.0109752
0 0.164488 0.34037 0.0195435 0.0179211
0 0.551806 0.46755 0.0143841 0.0227723
0 0.0363302 0.519761 0.0149975 0.016804
0 0.543362 0.387949 0.0110124 0.0171927
0 0.280284 0.879052 0.0179269 0.0236697
0 0.631867 0.396865 0.0159355 0.01931
0 0.609939 0.600423 0.0124121 0.0176777
0 0.177535 0.352345 0.0221779 0.0148544
0 0.366598 0.992699 0.0130827 0.0139648
0 0.238787 0.342364 0.0126521 0.0160835
0 0.0269112 0.873674 0.0170912 0.0148761
0 0.668659 0.198234 0.014453 0.0194698
0 0.136426 0.985186 0.0151382 0.0216118
0 0.416131 0.0536836 0.0115748 0.0150263
0 0.988551 0.767594 0.0137815 0.0168488
0 0.368001 0.753348 0.0125017 0.0129669
0 0.107201 0.627704 0.0220573 0.0268977
0 0.750665 0.991476 0.0150709 0.0144243
0 0.0494187 0.0861131 0.0128829 0.0147125
0 0.786044 0.648982 0.0146976 0.0158781
0 0.707954 0.407367 0.0148611 0.0198206
0 0.624452 0.970821 0.0155968 0.0194678
0 0.72279 0.644718 0.0148058 0.0195603
0 0.0700286 0.278042 0.0143271 0.0229222
0 0.31179 0.00369919 0.0164167 0.00702183
0 0.272142 0.525692 0.0138743 0.011626
0 0.353474 0.220925 0.0110453 0.0137677
0 0.230614 0.132646 0.010684 0.0187023
0 0.924852 0.278232 0.0187468 0.0221479
0 0.845337 0.329717 0.0136185 0.0123641
0 0.422924 0.279797 0.0167344 0.02178
0 0.36124 0.74011 0.0225942 0.0242529
0 0.169149 0.261621 0.0132035 0.0155994
0 0.540938 0.269386 0.0162611 0.0239915
0 0.387524 0.225701 0.0148186 0.0129275
0 0.0834572 0.289778 0.018491 0.0199897
0 0.53517 0.144382 0.0178698 0.0217744
0 0.0597403 0.606935 0.0121525 0.0153235
0 0.00446375 0.18245 0.0102522 0.0138803
0 0.421362 0.415944 0.012109 0.0172194
0 0.191793 0.750015 0.0153614 0.020238
0 0.904897 0.46427 0.0129807 0.0166084
0 0.796274 0.99249 0.0157571 0.0139059
0 0.182126 0.552731 0.0164724 0.0122818
0 0.379261 0.812724 0.0112557 0.0136492
0 0.98797 0.26137 0.0121141 0.017381
0 0.728825 0.401997 0.0149449 0.0183678
0 0.958873 0.766358 0.0147397 0.0164539
0 0.805072 0.605237 0.0183578 0.0208943
0 0.313807 0.289102 0.0166444 0.0194799
0 0.847492 0.843874 0.016667 0.0159774
0 0.970843 0.326736 0.0124957 0.0146108
0 0.0793552 0.293483 0.0177069 0.0165067
0 0.597157 0.273439 0.0143328 0.0186909
0 0.879416 0.811933 0.0244613 0.0199801
0 0.996303 0.225261 0.00765085 0.0232863
0 0.121773 0.292996 0.0184205 0.0241871
0 0.279639 0.709811 0.0131089 0.0156977
0 0.322497 0.0242587 0.0138652 0.0133143
0 0.808894 0.398895 0.0104442 0.0224238
0 0.0355965 0.0196738 0.0118217 0.0101289
0 0.191213 0.529067 0.0149796 0.0145966
0 0.381747 0.192647 0.0121174 0.0274278
0 0.795924 0.992779 0.0149751 0.0130183
0 0.698247 0.503447 0.0126907 0.0191991
0 0.747022 0.861333 0.0151767 0.0146886
0 0.23387 0.740204 0.0152224 0.0113506
0 0.728635 0.402691 0.0156073 0.0196222
0 0.266097 0.910388 0.0127081 0.0136122
0 0.858379 0.164606 0.0206295 0.0208872
0 0.52875 0.448138 0.0121027 0.0111536
0 0.695735 0.706533 0.0167894 0.0150266
0 0.723797 0.421562 0.0123106 0.0179596
0 0.275686 0.359973 0.0137043 0.015736
0 0.379868 0.943221 0.0164494 0.0210435
0 0.773364 0.602029 0.0120487 0.0141214
0 0.454875 0.284119 0.0160747 0.0227916
0 0.539701 0.276312 0.0119774 0.0133836
0 0.283167 0.406481 0.0166896 0.0202843
0 0.613895 0.70157 0.0202757 0.0234301
0 0.437794 0.220416 0.0115086 0.0114008
0 0.465902 0.30183 0.017217 0.018644
0 0.346626 0.23513 0.0127444 0.0179908
0 0.529641 0.973202 0.0301683 0.0277736
0 0.740851 0.4973 0.0153643 0.0141416
