0 0.772212 0.685018 0.0223041 0.0178267
0 0.0216466 0.163563 0.0167831 0.0159225
0 0.911013 0.358432 0.0195629 0.0257147
0 0.25581 0.5176 0.0232914 0.0188251
0 0.984399 0.863976 0.0263995 0.024545
0 0.636424 0.814233 0.0170705 0.0169767
0 0.027386 0.437439 0.0117219 0.0226985
0 0.336265 0.549578 0.0189008 0.0167724
0 0.658861 0.756074 0.024212 0.0245832
0 0.381538 0.940406 0.0193777 0.0254735
0 0.365525 0.639717 0.0146625 0.0126551
0 0.036059 0.519672 0.015493 0.0178277
0 0.668393 0.197699 0.0153918 0.0201934
0 0.284622 0.985581 0.0304447 0.0268276
0 0.647846 0.639345 0.0221387 0.0242783
0 0.829476 0.615178 0.0294555 0.0284244
0 0.452395 0.0122151 0.0144627 0.0198505
0 0.389932 0.497699 0.0185738 0.0188977
0 0.115064 0.107289 0.0109496 0.0180535
0 0.61736 0.547111 0.0171041 0.0187719
0 0.85239 0.329341 0.0257532 0.0136754
0 0.184472 0.860682 0.0166987 0.0250194
0 0.19784 0.659164 0.0198793 0.0182127
0 0.0512766 0.127584 0.0129191 0.0198157
0 0.551761 0.467728 0.0142481 0.0222132
0 0.0495658 0.086152 0.0127908 0.0148926
0 0.191243 0.00411776 0.0210898 0.00785597
0 0.98901 0.766462 0.0154991 0.019729
0 0.63182 0.396525 0.0154402 0.0190392
0 0.588936 0.804101 0.0141052 0.0111891
0 0.366689 0.992743 0.0128733 0.0142001
0 0.0604741 0.607791 0.0145958 0.0181049
0 0.164973 0.340309 0.0199834 0.0186024
0 0.239162 0.342183 0.0121601 0.0155709
0 0.542738 0.387753 0.0104333 0.0166677
0 0.691935 0.511886 0.0115342 0.0120035
0 0.388491 0.226329 0.0165273 0.0143455
0 0.416383 0.0540679 0.0123578 0.0159262
0 0.136074 0.986846 0.0171257 0.0201055
0 0.178806 0.351883 0.0217679 0.0160051
0 0.353462 0.220864 0.0108395 0.0136226
0 0.0703137 0.277842 0.0145396 0.0228626
0 0.182328 0.552492 0.0185269 0.0136634
0 0.367916 0.753618 0.0129182 0.0123764
0 0.808686 0.39583 0.0116876 0.0232953
0 0.279572 0.879113 0.0181587 0.0248806
0 0.747135 0.862051 0.0160613 0.0157604
0 0.0275601 0.874336 0.0173816 0.016041
0 0.750497 0.991755 0.0144503 0.0139893
0 0.624264 0.970481 0.0154275 0.0192492
0 0.272114 0.525665 0.0135248 0.0120778
0 0.107337 0.627882 0.0219702 0.0266993
0 0.423022 0.279971 0.0171876 0.0218255
0 0.311349 0.00361216 0.0154225 0.00670517
0 0.122294 0.292497 0.019167 0.0239421
0 0.0838877 0.289193 0.0193421 0.0204618
0 0.272347 0.904904 0.0124982 0.0116068
0 0.552707 0.558775 0.0138406 0.017615
0 0.420981 0.415949 0.0122744 0.0178473
0 0.534708 0.144336 0.0192916 0.0221224
0 0.49458 0.718617 0.0185139 0.0166494
0 0.361154 0.740486 0.0230098 0.024577
0 0.51323 0.0194333 0.0125457 0.0173032
0 0.00422438 0.182372 0.00999955 0.0140969
0 0.37935 0.813251 0.0116327 0.0146325
0 0.904798 0.464113 0.01346 0.0163751
0 0.858501 0.164356 0.0212606 0.0200771
0 0.313991 0.288649 0.0169154 0.0194202
0 0.786242 0.645985 0.0126137 0.011803
0 0.878726 0.812083 0.0245366 0.0196831
0 0.5412 0.269436 0.016299 0.0243209
0 0.606639 0.604442 0.0119141 0.0166343
0 0.804777 0.605583 0.0188209 0.0194684
0 0.958535 0.765675 0.0159506 0.0165104
0 0.321951 0.0250345 0.012344 0.0115125
0 0.191616 0.529124 0.014917 0.0151238
0 0.796131 0.991372 0.016532 0.0163474
0 0.191697 0.75063 0.0153118 0.0194951
0 0.924527 0.278169 0.0194238 0.0229704
0 0.0357088 0.019638 0.0125009 0.01021
0 0.381612 0.192169 0.0126797 0.0261575
0 0.275613 0.359807 0.0140923 0.0158274
0 0.706648 0.412722 0.0134628 0.0151708
0 0.719227 0.630571 0.0148132 0.0161682
0 0.597215 0.273573 0.0146516 0.0186225
0 0.695453 0.70741 0.0155205 0.0144273
0 0.226192 0.446188 0.0151882 0.012318
0 0.380067 0.943114 0.0159308 0.0204271
0 0.437568 0.219781 0.0124735 0.0119537
0 0.354857 0.0788797 0.0128249 0.015551
0 0.97117 0.326771 0.0122278 0.014263
0 0.773203 0.601784 0.0117004 0.0131475
0 0.539803 0.276698 0.0117019 0.0132157
0 0.72877 0.402167 0.0151741 0.0176272
0 0.51015 0.747448 0.0181369 0.0146108
0 0.847684 0.844332 0.0163675 0.0157601
0 0.401869 0.906555 0.012835 0.0182577
0 0.280109 0.709949 0.0134446 0.0159862
0 0.346758 0.235169 0.0123036 0.0172726
0 0.772403 0.290418 0.0181056 0.0256132
0 0.996616 0.225648 0.00685863 0.0223221
0 0.451828 0.173115 0.0123422 0.0157973
0 0.528609 0.448172 0.0115235 0.0108927
0 0.454918 0.284127 0.0163789 0.0229869
