0 0.772021 0.684919 0.0224724 0.0177755
0 0.984215 0.863663 0.0268559 0.0258453
0 0.0218173 0.163688 0.01656 0.0161928
0 0.636351 0.814102 0.0181177 0.0178767
0 0.25587 0.517456 0.0228355 0.0183365
0 0.336654 0.549502 0.0205738 0.0169138
0 0.911056 0.358489 0.0198136 0.0255191
0 0.659232 0.756145 0.0242722 0.0245202
0 0.381774 0.94035 0.0204052 0.0270983
0 0.0285508 0.437167 0.0110892 0.0227004
0 0.616281 0.546928 0.0165265 0.0201081
0 0.284845 0.985226 0.0293973 0.0271306
0 0.365845 0.639812 0.0142932 0.0127459
0 0.389889 0.496811 0.0187374 0.0191681
0 0.452446 0.0119333 0.0145886 0.0193301
0 0.115031 0.106988 0.0112463 0.0177794
0 0.829068 0.614924 0.0302083 0.0292538
0 0.197629 0.658798 0.0191419 0.0169305
0 0.551791 0.46707 0.0142207 0.021921
0 0.191321 0.00399869 0.0207843 0.00762441
0 0.165868 0.342665 0.0228302 0.0220684
0 0.0495529 0.0862108 0.0129712 0.0150584
0 0.852202 0.329457 0.0256252 0.0134329
0 0.632106 0.396987 0.0152596 0.0189353
0 0.18471 0.861405 0.0161826 0.0242246
0 0.649185 0.638082 0.0232295 0.0240434
0 0.0355572 0.520523 0.0141642 0.0151271
0 0.051094 0.127679 0.0123695 0.0192083
0 0.588671 0.804046 0.0150698 0.0110228
0 0.107291 0.627587 0.0212086 0.0263364
0 0.136107 0.986142 0.0166702 0.0208749
0 0.177863 0.351729 0.0231159 0.0162626
0 0.543471 0.387634 0.0108112 0.0176116
0 0.361105 0.739999 0.0228127 0.0246412
0 0.988644 0.76672 0.0146811 0.0186949
0 0.750538 0.991384 0.0165845 0.0151759
0 0.809022 0.396045 0.0109449 0.0235192
0 0.416499 0.0538686 0.0122264 0.0162066
0 0.172484 0.263162 0.012098 0.0162464
0 0.367928 0.753269 0.0129177 0.0127029
0 0.0701806 0.277819 0.0146243 0.0232563
0 0.746988 0.861046 0.0161377 0.0155261
0 0.272066 0.526058 0.0133532 0.0115033
0 0.624305 0.970841 0.0159919 0.0190321
0 0.122482 0.291921 0.0191424 0.025679
0 0.366858 0.991526 0.0140337 0.0154189
0 0.669313 0.198445 0.0151253 0.0219653
0 0.0268618 0.873873 0.0181423 0.0151709
0 0.310746 0.00355562 0.0164608 0.00699004
0 0.423117 0.279831 0.016692 0.0222092
0 0.0599538 0.606925 0.0125977 0.015669
0 0.78747 0.642975 0.0146949 0.0122141
0 0.924921 0.277959 0.0186844 0.0221021
0 0.239359 0.342281 0.0129674 0.0161299
0 0.541177 0.269148 0.0167358 0.0246084
0 0.353317 0.220649 0.0109015 0.0140083
0 0.279789 0.878426 0.018 0.0232819
0 0.609649 0.602424 0.0135853 0.0152299
0 0.421513 0.415859 0.0121921 0.0176896
0 0.513685 0.019608 0.011913 0.0158871
0 0.0837302 0.289272 0.0194737 0.0207891
0 0.387861 0.226333 0.0163003 0.014826
0 0.191878 0.749794 0.0149389 0.0199976
0 0.182271 0.552607 0.0165983 0.0124173
0 0.597099 0.273558 0.0150615 0.0194314
0 0.794533 0.992582 0.0175656 0.0138742
0 0.904778 0.46391 0.0129413 0.0160155
0 0.720211 0.63622 0.0128629 0.018533
0 0.26889 0.906162 0.0141873 0.0131834
0 0.379478 0.812818 0.0111455 0.0141623
0 0.709289 0.410192 0.0159713 0.0173976
0 0.00407599 0.182657 0.00956828 0.0140963
0 0.437812 0.218857 0.0116806 0.0122438
0 0.321894 0.0246375 0.0124841 0.0124475
0 0.805426 0.605673 0.0177735 0.0200093
0 0.535284 0.144991 0.0182992 0.0212595
0 0.987844 0.260654 0.0126215 0.0179378
0 0.847706 0.843843 0.0177606 0.0157074
0 0.191338 0.528914 0.0150352 0.0144011
0 0.381438 0.191112 0.0124539 0.0249023
0 0.465805 0.301845 0.0174547 0.0189488
0 0.0359829 0.0194404 0.0119643 0.0101787
0 0.728902 0.402369 0.0161978 0.0187975
0 0.878908 0.811922 0.0245791 0.0201714
0 0.275986 0.359835 0.014602 0.0162938
0 0.448674 0.705495 0.0103587 0.0125563
0 0.495788 0.718145 0.016238 0.0159408
0 0.313868 0.288451 0.0164952 0.0196065
0 0.996292 0.225325 0.00771294 0.0226951
0 0.95891 0.76504 0.0140149 0.0145001
0 0.2802 0.710103 0.0136491 0.0161947
0 0.234 0.740505 0.0144517 0.0120479
0 0.37997 0.943462 0.0162451 0.020947
0 0.454942 0.283955 0.0166136 0.0238318
0 0.970994 0.326631 0.0123875 0.0146665
0 0.696125 0.706856 0.0152085 0.0148587
0 0.7731 0.601688 0.0117683 0.0133421
0 0.539833 0.276309 0.012264 0.0134355
0 0.529034 0.448056 0.0120148 0.0113404
0 0.723629 0.422233 0.0124134 0.0163546
0 0.164434 0.338652 0.0185594 0.0169162
0 0.451767 0.173512 0.012752 0.016069
0 0.99747 0.71011 0.00506716 0.0266765
0 0.349581 0.0775522 0.00973666 0.0181815
0 0.222979 0.129441 0.0147983 0.0158507
0 0.34653 0.234943 0.0126704 0.0178289
0 0.490912 0.282936 0.0170047 0.0167369
0 0.0766277 0.295632 0.0140634 0.0151648
