0 0.61517 0.545954 0.0148703 0.0194864
0 0.771928 0.685291 0.0217957 0.0175042
0 0.984232 0.863279 0.0271373 0.0245564
0 0.0276587 0.439156 0.0123392 0.0253903
0 0.0215609 0.163777 0.0168467 0.0158898
0 0.635982 0.814042 0.0175534 0.0173177
0 0.381267 0.94063 0.020101 0.0267079
0 0.255218 0.517744 0.0222736 0.018319
0 0.659139 0.756244 0.0246109 0.0242922
0 0.335698 0.548949 0.0187285 0.0163105
0 0.365709 0.639473 0.0139843 0.0134385
0 0.284813 0.985552 0.0287176 0.0264956
0 0.91078 0.358389 0.0193763 0.0250134
0 0.750686 0.991605 0.0155374 0.0149873
0 0.389882 0.497151 0.0190132 0.0195823
0 0.452452 0.0125398 0.0139879 0.0186659
0 0.166818 0.343685 0.0257662 0.0227901
0 0.829367 0.614853 0.0320081 0.0311319
0 0.632092 0.396642 0.0143841 0.018731
0 0.191128 0.00435981 0.020736 0.00841474
0 0.588785 0.804036 0.0160837 0.011662
0 0.0369051 0.519508 0.0161548 0.0168389
0 0.851101 0.329368 0.0240778 0.0136852
0 0.0276123 0.873503 0.0174594 0.0156982
0 0.552064 0.467257 0.0137918 0.0221607
0 0.0504669 0.126841 0.0133349 0.0205645
0 0.0496307 0.0860369 0.013267 0.0153674
0 0.114831 0.106957 0.0116003 0.0178351
0 0.624836 0.970019 0.016156 0.0210679
0 0.184846 0.860928 0.0171708 0.0267494
0 0.543252 0.387145 0.0110521 0.0172068
0 0.535414 0.145037 0.0221399 0.0238816
0 0.279078 0.87959 0.017464 0.0230217
0 0.7576 0.420844 0.0225336 0.0187989
0 0.776812 0.641898 0.0135139 0.0169332
0 0.271865 0.526123 0.0132761 0.0116327
0 0.368251 0.753187 0.012519 0.0125482
0 0.421097 0.416095 0.0118158 0.0181055
0 0.107452 0.627565 0.0216643 0.0269514
0 0.311307 0.00344223 0.0163411 0.0062939
0 0.79646 0.995646 0.0157781 0.00895846
0 0.197814 0.658625 0.0184231 0.0170311
0 0.551965 0.558935 0.0131394 0.0179274
0 0.388462 0.226225 0.0160852 0.0144095
0 0.668566 0.198161 0.0151339 0.0181671
0 0.135315 0.990971 0.018752 0.0171114
0 0.924645 0.277892 0.0179169 0.0224659
0 0.181078 0.261756 0.0110685 0.0191102
0 0.191623 0.749912 0.0155675 0.0201557
0 0.239122 0.342397 0.0127238 0.0158568
0 0.415453 0.0541409 0.0110841 0.0150445
0 0.176803 0.352132 0.0216701 0.015301
0 0.353533 0.220943 0.0116882 0.0140718
0 0.070021 0.278014 0.0149314 0.0231332
0 0.988609 0.767831 0.0130294 0.0165843
0 0.360937 0.740055 0.0225125 0.0237875
0 0.366903 0.992026 0.0141256 0.0149978
0 0.541589 0.269515 0.0162377 0.0245603
0 0.902131 0.23704 0.0212952 0.019877
0 0.746712 0.861197 0.0151313 0.0145133
0 0.422887 0.2799 0.0169412 0.0217228
0 0.379384 0.813162 0.0115824 0.0142566
0 0.729339 0.402206 0.0169777 0.0191081
0 0.0607665 0.60818 0.0133208 0.018239
0 0.121709 0.292466 0.0181504 0.0241792
0 0.0823677 0.290447 0.0194029 0.0205474
0 0.496327 0.718671 0.0143081 0.0144593
0 0.0357338 0.0197544 0.0125432 0.0108343
0 0.262769 0.910029 0.0125883 0.0122788
0 0.615797 0.594595 0.0107224 0.0177022
0 0.00431507 0.182571 0.00984482 0.0145157
0 0.959175 0.764185 0.0155886 0.0155437
0 0.904431 0.464241 0.0127889 0.0163124
0 0.1825 0.552697 0.016442 0.0127501
0 0.597152 0.27299 0.014054 0.0179856
0 0.970978 0.326902 0.012639 0.0145925
0 0.438292 0.21986 0.0115436 0.012891
0 0.988675 0.260513 0.0107012 0.0163901
0 0.805814 0.605557 0.0177774 0.0195937
0 0.322179 0.0250362 0.0126572 0.0131361
0 0.879452 0.811856 0.0226983 0.0193599
0 0.847966 0.844266 0.0162401 0.016048
0 0.235209 0.739688 0.0131092 0.0112731
0 0.702392 0.405242 0.0177007 0.0155583
0 0.381822 0.19289 0.0129358 0.0279793
0 0.191098 0.529069 0.0149153 0.0141009
0 0.275556 0.360206 0.0134484 0.0155795
0 0.314104 0.289079 0.0166221 0.0192125
0 0.516878 0.0304359 0.0178217 0.0139492
0 0.808139 0.404293 0.0112466 0.0260609
0 0.454867 0.701272 0.0106988 0.0113147
0 0.764234 0.419886 0.0132304 0.0154169
0 0.279414 0.709942 0.0127846 0.0152261
0 0.996179 0.225566 0.00816298 0.0224866
0 0.773156 0.601675 0.0115303 0.0127811
0 0.704104 0.512429 0.0100161 0.0109549
0 0.465628 0.301878 0.0176745 0.0187353
0 0.491022 0.283308 0.016897 0.0169748
0 0.723487 0.421529 0.012452 0.0171873
0 0.346655 0.235065 0.0129845 0.0181469
0 0.539948 0.276878 0.0119034 0.0132017
0 0.455303 0.284193 0.0169935 0.0237916
0 0.379824 0.943233 0.0166751 0.0215636
0 0.528578 0.44816 0.0110585 0.00995123
0 0.226043 0.446282 0.0143981 0.0119404
0 0.164004 0.339396 0.0191158 0.0167056
0 0.997941 0.709091 0.00423965 0.0265679
0 0.726758 0.657044 0.0084157 0.0147812
0 0.61349 0.701508 0.019232 0.0234452
0 0.931663 0.956056 0.0129083 0.0178335
