0 0.613304 0.544874 0.0123124 0.0223993
0 0.772034 0.684998 0.0216575 0.0174133
0 0.984579 0.86408 0.0262639 0.0243665
0 0.0219661 0.163988 0.0168673 0.0161941
0 0.911147 0.358409 0.0197512 0.0250869
0 0.636205 0.814185 0.0173636 0.0175703
0 0.381495 0.940089 0.0201107 0.0268656
0 0.255051 0.517808 0.021853 0.0185404
0 0.33574 0.549493 0.0186894 0.0162622
0 0.0285996 0.438194 0.0105548 0.0226194
0 0.390052 0.496861 0.0182139 0.0191698
0 0.365646 0.639503 0.0136625 0.013239
0 0.197438 0.658716 0.0185981 0.0166016
0 0.750787 0.991667 0.0145566 0.0145359
0 0.82949 0.614953 0.0316596 0.0305552
0 0.6504 0.638962 0.0241661 0.0225089
0 0.165443 0.34262 0.0229588 0.0207341
0 0.551846 0.466981 0.0145593 0.022702
0 0.115106 0.106549 0.011903 0.0189228
0 0.284788 0.985647 0.0294279 0.0263214
0 0.0275689 0.873774 0.0176691 0.0165931
0 0.191007 0.00416137 0.0207253 0.00792182
0 0.658941 0.756263 0.0246291 0.025216
0 0.851803 0.329157 0.0249161 0.0137405
0 0.452039 0.0125203 0.014043 0.0192019
0 0.0510627 0.127262 0.0125762 0.0200479
0 0.632221 0.396763 0.0151061 0.0190518
0 0.589141 0.803973 0.0154321 0.0111774
0 0.176734 0.352232 0.0225348 0.0156898
0 0.757543 0.420299 0.0230122 0.0202651
0 0.366642 0.99311 0.0131648 0.0131294
0 0.0360913 0.519877 0.0157653 0.0170393
0 0.988755 0.767513 0.0151867 0.0186723
0 0.107188 0.627346 0.0216188 0.0272348
0 0.185023 0.8602 0.0165362 0.0261059
0 0.0496029 0.0862278 0.0124926 0.0147764
0 0.416177 0.0541582 0.0120241 0.0168188
0 0.367842 0.753248 0.0128859 0.0125045
0 0.279323 0.878381 0.0169072 0.0230579
0 0.353511 0.220971 0.0112174 0.0139149
0 0.271809 0.525862 0.0134323 0.0117172
0 0.238928 0.342128 0.0131372 0.0170915
0 0.422766 0.279822 0.0166478 0.0218801
0 0.924786 0.277642 0.0184986 0.0219609
0 0.176801 0.26462 0.0115413 0.0150115
0 0.311597 0.0034537 0.0151002 0.00639304
0 0.379618 0.813241 0.0119676 0.0151271
0 0.22133 0.135846 0.0107285 0.0188398
0 0.669034 0.198392 0.0149512 0.0196603
0 0.543205 0.387724 0.0106761 0.0169047
0 0.387867 0.225948 0.01557 0.013978
0 0.0698529 0.277942 0.0143272 0.0224361
0 0.746344 0.861159 0.0155521 0.0133017
0 0.262666 0.904535 0.0127488 0.0163203
0 0.541249 0.269407 0.0164757 0.0242484
0 0.0606633 0.608022 0.0136416 0.0188538
0 0.421099 0.416175 0.0115684 0.0178467
0 0.00436199 0.182751 0.00992122 0.0151141
0 0.70392 0.405884 0.0167305 0.016497
0 0.901531 0.237174 0.0206259 0.0189558
0 0.18205 0.552799 0.0178294 0.01307
0 0.624574 0.970704 0.0156099 0.020238
0 0.0358214 0.0198269 0.0134778 0.0106956
0 0.136508 0.990773 0.0144768 0.0172448
0 0.90468 0.464317 0.0124103 0.0156482
0 0.276423 0.36023 0.0147021 0.0166111
0 0.191664 0.749831 0.0156324 0.0205041
0 0.0831784 0.289593 0.0187756 0.0205097
0 0.55259 0.558845 0.0143158 0.0189568
0 0.437953 0.219282 0.0113133 0.0125644
0 0.360756 0.739707 0.0220854 0.0236214
0 0.797858 0.996494 0.0148511 0.00755465
0 0.12206 0.292249 0.0189084 0.0262004
0 0.496242 0.718862 0.0149193 0.0151527
0 0.314285 0.288561 0.0165205 0.0200528
0 0.321624 0.025196 0.0119944 0.0116807
0 0.857958 0.164812 0.0200077 0.0196706
0 0.784268 0.6462 0.0138985 0.0119663
0 0.516595 0.0291189 0.017674 0.0134986
0 0.959061 0.764776 0.0152698 0.0157593
0 0.535236 0.145157 0.0187119 0.0214163
0 0.878759 0.811979 0.0239979 0.0195391
0 0.797469 0.996667 0.0146851 0.00724971
0 0.729137 0.402256 0.0169872 0.019316
0 0.805131 0.605689 0.0183383 0.0194559
0 0.3815 0.19303 0.0130845 0.0283592
0 0.720768 0.658199 0.0111307 0.0131866
0 0.847889 0.844713 0.0162132 0.0155922
0 0.279521 0.709965 0.0133433 0.0150862
0 0.704498 0.994535 0.0250618 0.0107505
0 0.695292 0.707253 0.0151596 0.0144932
0 0.509284 0.747183 0.0171595 0.0151802
0 0.59737 0.273464 0.0137154 0.0175225
0 0.379868 0.943188 0.0164376 0.0211414
0 0.970855 0.326795 0.0119524 0.0145846
0 0.539988 0.276693 0.0119023 0.0129416
0 0.773035 0.601904 0.0116123 0.0139396
0 0.996561 0.225207 0.00694275 0.0229875
0 0.465629 0.30176 0.0172941 0.0188824
0 0.808325 0.402918 0.0109341 0.0270963
0 0.191169 0.529468 0.0153149 0.0145137
0 0.701082 0.516306 0.0103362 0.0142208
0 0.451908 0.17303 0.0122984 0.0149595
0 0.455076 0.695227 0.0138769 0.0143863
0 0.401713 0.906206 0.0123596 0.0179261
0 0.528452 0.4483 0.0122052 0.0108242
0 0.225834 0.446273 0.0147134 0.0121745
0 0.455013 0.284213 0.0167324 0.0236922
0 0.346707 0.235273 0.0124495 0.0172816
0 0.723387 0.421481 0.0132174 0.018344
0 0.164064 0.339207 0.0187024 0.0163695
0 0.613501 0.701519 0.0199841 0.023035
