0 0.614747 0.54679 0.0145518 0.0186337
0 0.255874 0.517684 0.0240296 0.0190574
0 0.771704 0.685367 0.0217753 0.0179397
0 0.365977 0.639233 0.014459 0.0138272
0 0.0214865 0.163803 0.0168411 0.016647
0 0.984034 0.863766 0.0260082 0.0247076
0 0.636336 0.81425 0.0168102 0.0170149
0 0.335299 0.549356 0.0179224 0.0158108
0 0.0286861 0.438539 0.0112405 0.0242798
0 0.659018 0.756188 0.024123 0.0248724
0 0.3809 0.94118 0.0192846 0.02529
0 0.285066 0.985819 0.0268695 0.0258664
0 0.910832 0.35817 0.019694 0.0251316
0 0.115053 0.10689 0.0109507 0.0180772
0 0.389691 0.497154 0.0183355 0.0191253
0 0.829808 0.614254 0.0322757 0.0310292
0 0.45256 0.0121223 0.0141403 0.0190933
0 0.750934 0.991803 0.0146494 0.014186
0 0.551743 0.467018 0.0140926 0.02226
0 0.0495839 0.0862681 0.0127688 0.0149298
0 0.165055 0.342288 0.0219067 0.0205632
0 0.850711 0.329343 0.0236211 0.0138324
0 0.614051 0.590558 0.0106958 0.0167284
0 0.191379 0.00408894 0.0209508 0.00787606
0 0.58916 0.803981 0.015255 0.011187
0 0.050923 0.12722 0.0124408 0.0197583
0 0.176606 0.352138 0.0216097 0.0153605
0 0.184463 0.861661 0.0154499 0.0235277
0 0.0363874 0.519714 0.0151471 0.0172498
0 0.632148 0.397028 0.0151023 0.0188344
0 0.758076 0.420094 0.0195018 0.018609
0 0.552209 0.5592 0.01394 0.0185742
0 0.668301 0.198096 0.015445 0.0180275
0 0.0275407 0.873848 0.0172933 0.0160309
0 0.107268 0.627257 0.0221761 0.0274099
0 0.31239 0.00363571 0.0176435 0.00671324
0 0.0608384 0.608126 0.0138131 0.0186964
0 0.134835 0.99106 0.0186141 0.0168633
0 0.542916 0.38787 0.0102693 0.0166615
0 0.368354 0.753265 0.0124259 0.0121851
0 0.271639 0.526037 0.0129308 0.0114268
0 0.366772 0.992082 0.0137994 0.0148402
0 0.17824 0.260809 0.0116884 0.0185386
0 0.624466 0.970426 0.0155292 0.0195622
0 0.238973 0.342337 0.0126062 0.016259
0 0.353544 0.220836 0.0115714 0.0140648
0 0.422963 0.279692 0.0160892 0.0214598
0 0.197858 0.658866 0.0179376 0.0162176
0 0.988939 0.767288 0.0127435 0.0169834
0 0.0701121 0.278321 0.0148063 0.0234567
0 0.694859 0.397326 0.0141049 0.0115542
0 0.279618 0.878542 0.016406 0.0211623
0 0.535318 0.144651 0.019958 0.0218446
0 0.707213 0.407981 0.0128535 0.0135861
0 0.924773 0.278407 0.0193515 0.0237066
0 0.415535 0.0542703 0.0109949 0.0146541
0 0.18222 0.552691 0.0171995 0.0127147
0 0.797675 0.996012 0.0145713 0.00822669
0 0.387894 0.226124 0.0159297 0.014184
0 0.901524 0.236591 0.0213227 0.0186356
0 0.379405 0.813116 0.0112402 0.0144626
0 0.541355 0.269519 0.0165563 0.0248977
0 0.083271 0.289695 0.0189993 0.020752
0 0.360838 0.739785 0.0224587 0.0232744
0 0.191877 0.750104 0.0153875 0.0197209
0 0.596889 0.273389 0.0143751 0.0184261
0 0.00412033 0.182813 0.00952023 0.0150099
0 0.420891 0.41641 0.0117411 0.0177748
0 0.122255 0.292355 0.019114 0.0252064
0 0.959336 0.764284 0.0149099 0.0156134
0 0.438207 0.219479 0.0114796 0.0128949
0 0.0358954 0.0196003 0.0121517 0.010962
0 0.771242 0.292322 0.0208217 0.0307114
0 0.705558 0.507356 0.0111115 0.0116235
0 0.805149 0.605247 0.0174238 0.0198389
0 0.746808 0.861557 0.0138717 0.0140232
0 0.496628 0.718497 0.0141839 0.0139774
0 0.807184 0.430623 0.0125529 0.0141619
0 0.508592 0.815491 0.014169 0.0157509
0 0.728957 0.402151 0.0165007 0.0184299
0 0.797346 0.99615 0.0146295 0.00813842
0 0.354683 0.740672 0.0124873 0.0188719
0 0.313933 0.289152 0.0166112 0.0184559
0 0.381661 0.192459 0.0129735 0.0273288
0 0.322341 0.0250253 0.0135047 0.0124498
0 0.762987 0.418335 0.0117773 0.0153456
0 0.279272 0.709801 0.012485 0.0146883
0 0.275654 0.360138 0.0135593 0.0155691
0 0.224902 0.14432 0.0123175 0.0161379
0 0.970789 0.326843 0.0124495 0.0145947
0 0.996225 0.22508 0.00792284 0.0227956
0 0.259932 0.911541 0.0123773 0.0139601
0 0.379403 0.943717 0.0157998 0.020221
0 0.728389 0.6631 0.00985813 0.0156955
0 0.847764 0.844427 0.0156757 0.0163904
0 0.465947 0.301653 0.0173386 0.0186655
0 0.77335 0.601887 0.0112265 0.0135729
0 0.528429 0.448186 0.0113262 0.0103983
0 0.69486 0.708108 0.0144736 0.0136907
0 0.191278 0.529638 0.0150556 0.0145118
0 0.491657 0.283471 0.0144728 0.0152261
0 0.723778 0.422159 0.0122841 0.0180874
0 0.455072 0.284046 0.0162487 0.0233989
0 0.509775 0.747588 0.0179491 0.014436
0 0.451929 0.172967 0.0123164 0.0153646
0 0.346262 0.235395 0.0128173 0.0173158
0 0.53968 0.27688 0.0118145 0.0133019
0 0.516565 0.0298622 0.0175951 0.0139065
0 0.35509 0.102237 0.0140187 0.0145862
0 0.774517 0.647287 0.0107131 0.0238836
0 0.401296 0.90635 0.0122084 0.0168263
0 0.163959 0.338992 0.0183817 0.0164901
