0 0.771983 0.685043 0.0231236 0.0179445
0 0.911689 0.358554 0.019925 0.0262215
0 0.255943 0.51778 0.0240318 0.0194217
0 0.984219 0.863856 0.0277352 0.0259467
0 0.0217151 0.163995 0.0161653 0.0158297
0 0.616873 0.54693 0.017103 0.0219674
0 0.659215 0.756293 0.0238749 0.024035
0 0.336938 0.549284 0.0206368 0.0176797
0 0.382326 0.939676 0.0205497 0.0267972
0 0.636293 0.814238 0.0180802 0.0185782
0 0.027688 0.438727 0.0119579 0.0246814
0 0.284387 0.985615 0.0311178 0.026862
0 0.647373 0.637045 0.0209588 0.0239455
0 0.365732 0.639134 0.0145309 0.0147321
0 0.828903 0.615133 0.0297665 0.0282743
0 0.114796 0.106902 0.0108595 0.0176955
0 0.390073 0.497134 0.0185226 0.0191447
0 0.552041 0.467137 0.0142539 0.0218754
0 0.809085 0.389122 0.0109603 0.0222285
0 0.669339 0.197976 0.0155223 0.0209481
0 0.16532 0.339545 0.0196708 0.0176774
0 0.184657 0.861121 0.0161144 0.0248982
0 0.0360236 0.519808 0.0155804 0.0172417
0 0.027337 0.875139 0.0184496 0.018001
0 0.049385 0.0858506 0.0131204 0.0151394
0 0.589015 0.803937 0.0160936 0.0120765
0 0.0509294 0.126824 0.0124989 0.0201592
0 0.19117 0.00414544 0.0221824 0.00777806
0 0.632463 0.396726 0.0160936 0.0196038
0 0.452554 0.0120916 0.0142789 0.0192603
0 0.543222 0.387233 0.0109351 0.0173264
0 0.850849 0.329464 0.0232457 0.0126941
0 0.747274 0.862242 0.0171665 0.0178063
0 0.36666 0.993093 0.0125925 0.0135155
0 0.989114 0.766819 0.0162959 0.0201253
0 0.060816 0.608356 0.0135066 0.0184453
0 0.197997 0.658288 0.0179434 0.0159838
0 0.136369 0.986774 0.016977 0.0217292
0 0.368119 0.753444 0.01237 0.012421
0 0.540784 0.269306 0.0163064 0.0244226
0 0.107272 0.627495 0.021379 0.0264524
0 0.23921 0.342004 0.0131634 0.0158512
0 0.0700852 0.278139 0.0144907 0.023298
0 0.924831 0.278415 0.0190121 0.0229199
0 0.513648 0.0179643 0.0113277 0.0169912
0 0.31216 0.00338936 0.0166883 0.00640658
0 0.790928 0.641126 0.0138845 0.0177588
0 0.00457177 0.182723 0.0105714 0.0148695
0 0.353351 0.220889 0.0113639 0.0139854
0 0.379574 0.813242 0.0118157 0.0150154
0 0.42091 0.416351 0.0117638 0.0179442
0 0.281353 0.877447 0.0161374 0.0209876
0 0.272182 0.525467 0.013539 0.0121307
0 0.750421 0.991726 0.0149797 0.0139725
0 0.181356 0.350851 0.0199083 0.0163437
0 0.845693 0.32963 0.0135058 0.0114617
0 0.121321 0.293825 0.0176734 0.0231791
0 0.360949 0.740052 0.0231326 0.0249839
0 0.708596 0.414862 0.0123065 0.0141384
0 0.164068 0.270218 0.0101895 0.0150054
0 0.536007 0.144739 0.0187221 0.0230411
0 0.624575 0.970511 0.0168036 0.0195824
0 0.388147 0.226119 0.0161723 0.0141412
0 0.4231 0.279774 0.0170244 0.0224041
0 0.987257 0.261652 0.0145042 0.0190344
0 0.191692 0.750132 0.0150554 0.019678
0 0.878694 0.812488 0.0248871 0.0206655
0 0.182541 0.552466 0.0166772 0.0129026
0 0.727995 0.402876 0.015217 0.018973
0 0.847535 0.843982 0.0174847 0.015862
0 0.805765 0.606025 0.0183022 0.0198846
0 0.0827761 0.28999 0.0196513 0.0204675
0 0.276562 0.908412 0.0148254 0.0148149
0 0.314014 0.288019 0.0173864 0.0191503
0 0.772721 0.290231 0.0175235 0.0254649
0 0.69499 0.708384 0.016527 0.0149531
0 0.510297 0.747764 0.0188048 0.0162865
0 0.682098 0.498296 0.0144083 0.0168532
0 0.970954 0.326687 0.0126957 0.0145893
0 0.27568 0.360045 0.0147874 0.0163153
0 0.191319 0.52933 0.0141833 0.0145977
0 0.996438 0.224814 0.00723867 0.0231091
0 0.6824 0.498886 0.0150069 0.0173253
0 0.773217 0.60174 0.0119318 0.0131117
0 0.85842 0.164451 0.021128 0.0204035
0 0.280395 0.710348 0.0139849 0.0163922
0 0.416876 0.0534839 0.0113988 0.0153242
0 0.796132 0.991678 0.0172063 0.0159829
0 0.438405 0.219542 0.0122047 0.0120832
0 0.380206 0.942661 0.0161359 0.021185
0 0.744891 0.392516 0.0128754 0.0182609
0 0.035406 0.0198155 0.0130021 0.0105606
0 0.606388 0.616151 0.0123162 0.0138285
0 0.381835 0.192359 0.0125959 0.0264853
0 0.4909 0.283228 0.0151341 0.0152876
0 0.597515 0.273241 0.0138068 0.0178374
0 0.528372 0.448131 0.0120516 0.0104918
0 0.958911 0.764708 0.0150149 0.0156958
0 0.466533 0.30139 0.017467 0.0187842
0 0.530299 0.976291 0.0348506 0.0332803
0 0.455118 0.284111 0.0167674 0.0239101
0 0.452097 0.172919 0.0120291 0.0157755
0 0.402185 0.90582 0.0137479 0.0181148
0 0.346622 0.235111 0.0128543 0.0178515
0 0.185236 0.34844 0.0151834 0.0138512
0 0.539802 0.27629 0.0121348 0.0135909
0 0.0788441 0.295079 0.0160431 0.0153103
