0 0.772183 0.684995 0.0232255 0.0182836
0 0.911814 0.358428 0.0200089 0.0257267
0 0.255919 0.517663 0.0243453 0.0190525
0 0.984558 0.863178 0.0267061 0.024449
0 0.0217975 0.163839 0.0155187 0.0151304
0 0.659118 0.756081 0.0249789 0.0252109
0 0.636139 0.813943 0.0174204 0.0186377
0 0.336513 0.54919 0.019135 0.0172138
0 0.365887 0.639263 0.0144892 0.0139929
0 0.669054 0.19736 0.0151935 0.0209096
0 0.0272842 0.437865 0.0115334 0.0230517
0 0.381951 0.939613 0.0202238 0.0268116
0 0.284704 0.985362 0.0307166 0.0271895
0 0.616448 0.54661 0.0173693 0.0199622
0 0.809404 0.388579 0.0116744 0.0234274
0 0.390403 0.497141 0.017544 0.019011
0 0.829549 0.61521 0.0286227 0.0276768
0 0.646826 0.637444 0.0198556 0.0262666
0 0.114954 0.106789 0.0107916 0.017426
0 0.551925 0.467095 0.0139645 0.0223856
0 0.452374 0.0123807 0.0140864 0.0192783
0 0.0512368 0.12682 0.0129912 0.0202885
0 0.166278 0.341196 0.022481 0.0200674
0 0.184497 0.86052 0.0155134 0.0251164
0 0.589077 0.804333 0.0158596 0.0119307
0 0.360673 0.739219 0.0230569 0.024119
0 0.0362526 0.520181 0.015878 0.0175363
0 0.85196 0.329586 0.0249466 0.0132336
0 0.1918 0.00398529 0.0216876 0.00758423
0 0.542979 0.387368 0.0108696 0.0173012
0 0.988503 0.76701 0.0145901 0.0192701
0 0.0273044 0.874679 0.0169622 0.0164877
0 0.366824 0.992964 0.0134859 0.0136461
0 0.239347 0.341949 0.0136866 0.0162798
0 0.632006 0.397241 0.0159113 0.019038
0 0.197709 0.658166 0.0195315 0.0164984
0 0.197362 0.658206 0.0196638 0.0164778
0 0.357232 0.0916956 0.0128181 0.0244419
0 0.367809 0.753371 0.0131612 0.0123806
0 0.624683 0.970581 0.0165224 0.0202374
0 0.136784 0.987 0.0161094 0.0210767
0 0.191821 0.750096 0.0155997 0.0202305
0 0.272147 0.5256 0.0142368 0.0120875
0 0.417262 0.0541864 0.0118712 0.0168792
0 0.353809 0.220894 0.0119119 0.0139728
0 0.78773 0.636318 0.0112481 0.0211797
0 0.0494102 0.0859299 0.0126395 0.0143831
0 0.0700413 0.277755 0.014586 0.0226444
0 0.379397 0.813176 0.012787 0.0148638
0 0.986336 0.262073 0.0139898 0.0182271
0 0.0610325 0.608216 0.0136993 0.0181067
0 0.278565 0.904844 0.0137779 0.0120623
0 0.750392 0.991323 0.0153686 0.0145274
0 0.535399 0.145073 0.0192798 0.0214591
0 0.121 0.294596 0.0169142 0.0214754
0 0.280832 0.877247 0.0169901 0.021528
0 0.107241 0.627514 0.0215711 0.0261921
0 0.725016 0.609345 0.0114267 0.0202005
0 0.182824 0.552348 0.0164053 0.0129998
0 0.901982 0.237291 0.0206103 0.0172879
0 0.845217 0.329919 0.0129465 0.0118278
0 0.388247 0.226195 0.0167922 0.0141208
0 0.311349 0.00344572 0.0168777 0.0063252
0 0.924682 0.277843 0.0180104 0.0220249
0 0.423144 0.279791 0.0166624 0.0218657
0 0.0042496 0.182393 0.0100556 0.0133716
0 0.605654 0.616953 0.0120373 0.017056
0 0.420846 0.415801 0.0116525 0.0177839
0 0.512864 0.0184756 0.011535 0.0159967
0 0.708757 0.417135 0.0122924 0.0136314
0 0.275826 0.360026 0.0154479 0.0166458
0 0.541109 0.269747 0.0164485 0.0245587
0 0.185109 0.349606 0.015372 0.0153152
0 0.166125 0.270192 0.00968617 0.0139646
0 0.313951 0.288864 0.0168198 0.0187394
0 0.0838838 0.289644 0.01827 0.0199693
0 0.879453 0.811814 0.0250796 0.0208762
0 0.728603 0.403317 0.0145869 0.0200427
0 0.747992 0.862231 0.0186342 0.0150657
0 0.772998 0.601624 0.0117767 0.0137146
0 0.252455 0.471982 0.0180253 0.0127541
0 0.971174 0.326441 0.0128142 0.0149941
0 0.846741 0.844355 0.01731 0.0158215
0 0.858354 0.165081 0.0198043 0.0191014
0 0.796438 0.991349 0.0174737 0.0165186
0 0.379967 0.942868 0.0160819 0.0208753
0 0.381886 0.192628 0.0133697 0.0280709
0 0.745072 0.392536 0.0129588 0.0186031
0 0.695809 0.709124 0.0149149 0.0146315
0 0.191434 0.529748 0.0148392 0.0147136
0 0.466693 0.301539 0.0177335 0.0188595
0 0.224005 0.114587 0.0130904 0.0152529
0 0.225736 0.445835 0.0138518 0.0114397
0 0.959025 0.764934 0.0145504 0.0156908
0 0.0357154 0.0198553 0.0127398 0.0104933
0 0.402282 0.906124 0.0127137 0.0192113
0 0.996438 0.225974 0.00724869 0.0225083
0 0.438063 0.21964 0.0129376 0.0118166
0 0.280448 0.710204 0.013364 0.015834
0 0.528127 0.447972 0.0114672 0.0107424
0 0.491049 0.283244 0.0154375 0.0155994
0 0.539774 0.276855 0.0120243 0.0134695
0 0.772781 0.289351 0.0168778 0.0230788
0 0.597685 0.273675 0.0144517 0.0179957
0 0.234534 0.742055 0.0136853 0.0119419
0 0.346672 0.235585 0.0127629 0.017437
0 0.455043 0.284163 0.0173606 0.0241324
0 0.16532 0.337998 0.0183703 0.0147889
0 0.0788813 0.294811 0.0158782 0.0154393
