0 0.771912 0.684909 0.0221734 0.0180806
0 0.911223 0.358824 0.0196789 0.0256284
0 0.255758 0.517812 0.02333 0.0188087
0 0.984795 0.864066 0.026898 0.0251857
0 0.0283852 0.437738 0.0116872 0.0236149
0 0.636582 0.814248 0.0176003 0.0185581
0 0.0216317 0.163701 0.0162314 0.0156987
0 0.365716 0.63958 0.0150281 0.0137286
0 0.335924 0.549085 0.0190098 0.0166107
0 0.284995 0.985726 0.028672 0.0262289
0 0.659205 0.756034 0.0244586 0.0244374
0 0.647472 0.638326 0.0204215 0.0246089
0 0.381976 0.939749 0.0200523 0.0264387
0 0.197364 0.658388 0.0200058 0.0166481
0 0.808733 0.390444 0.0113789 0.0224004
0 0.390147 0.497211 0.0177053 0.0179493
0 0.11484 0.106283 0.0111552 0.0181122
0 0.82926 0.614894 0.0305981 0.0284247
0 0.278804 0.883909 0.0192798 0.0335281
0 0.184487 0.859955 0.016523 0.0263152
0 0.551787 0.46712 0.0143413 0.0226638
0 0.668524 0.197761 0.0151522 0.020329
0 0.542663 0.387483 0.0106156 0.017387
0 0.191087 0.00411228 0.0232599 0.00767454
0 0.632063 0.396995 0.0155085 0.0187476
0 0.588825 0.80417 0.0153798 0.0119854
0 0.0492154 0.0858981 0.0129419 0.0155204
0 0.165035 0.339618 0.0196258 0.0179553
0 0.851087 0.329518 0.0238127 0.0133273
0 0.0280692 0.874748 0.0181836 0.0190834
0 0.452032 0.012514 0.0139568 0.0188198
0 0.168679 0.265382 0.0175941 0.0132806
0 0.989148 0.766336 0.0150638 0.0186725
0 0.36719 0.992782 0.0135884 0.0140281
0 0.360891 0.739792 0.0225335 0.0248222
0 0.611518 0.615592 0.0100694 0.0210787
0 0.624426 0.970784 0.0156853 0.0190756
0 0.0357498 0.520653 0.0148509 0.015151
0 0.750693 0.991356 0.0144792 0.0148667
0 0.0703473 0.278037 0.0151687 0.0231506
0 0.107199 0.627743 0.0218195 0.02686
0 0.368349 0.753272 0.0127535 0.0128258
0 0.420807 0.416157 0.0119428 0.0180268
0 0.180639 0.351077 0.0204492 0.0160978
0 0.239323 0.34278 0.0124746 0.0152581
0 0.191561 0.750165 0.0161139 0.0207804
0 0.136035 0.98679 0.0166965 0.0207275
0 0.619842 0.545325 0.0149082 0.0208275
0 0.311545 0.00336386 0.0178892 0.006316
0 0.747328 0.861479 0.0165168 0.0167434
0 0.353445 0.220867 0.0113385 0.0139124
0 0.540972 0.269039 0.0159665 0.0239819
0 0.423077 0.279667 0.0167306 0.0221115
0 0.788561 0.644 0.0133478 0.0125899
0 0.272125 0.525639 0.0130726 0.0118173
0 0.00413391 0.182602 0.00958774 0.0138475
0 0.0605383 0.607965 0.0136959 0.0177127
0 0.845359 0.329661 0.0132912 0.0121211
0 0.535604 0.145053 0.0196365 0.0223984
0 0.708983 0.414533 0.0126976 0.0142542
0 0.51348 0.0186443 0.0124154 0.0177753
0 0.182469 0.552329 0.0175731 0.0136214
0 0.280386 0.710219 0.0144864 0.016518
0 0.379763 0.813308 0.0119492 0.014926
0 0.805257 0.605425 0.0179372 0.0193955
0 0.924945 0.278287 0.0190506 0.0231986
0 0.0791233 0.293177 0.0177143 0.0165306
0 0.417101 0.053453 0.0119807 0.0160663
0 0.904875 0.464567 0.0125348 0.0156342
0 0.314083 0.288146 0.0174844 0.019969
0 0.98616 0.261431 0.0136455 0.0170661
0 0.0833495 0.289672 0.0187517 0.020523
0 0.275876 0.359791 0.0150809 0.0163648
0 0.388103 0.225636 0.0158025 0.0134536
0 0.795742 0.991775 0.0163085 0.0149628
0 0.685324 0.50308 0.0115116 0.0158973
0 0.848011 0.844113 0.0161711 0.0156525
0 0.121839 0.292393 0.0181334 0.0240628
0 0.321767 0.0252592 0.0120705 0.0111931
0 0.355531 0.740183 0.0136136 0.0207098
0 0.191447 0.529193 0.0145549 0.0151321
0 0.381757 0.192278 0.0130885 0.0266793
0 0.79597 0.991712 0.017136 0.0160918
0 0.878706 0.812847 0.025243 0.0206361
0 0.438402 0.219917 0.0124017 0.0124481
0 0.466249 0.301382 0.0176885 0.01867
0 0.932774 0.957405 0.0140803 0.0205741
0 0.121922 0.292744 0.0182797 0.0235623
0 0.380064 0.943009 0.0159149 0.0205436
0 0.772936 0.601613 0.0120801 0.0136546
0 0.695791 0.708348 0.0161663 0.0141945
0 0.226099 0.446118 0.0155506 0.0123558
0 0.858015 0.165071 0.0214294 0.0206703
0 0.0358453 0.0198242 0.0124753 0.011064
0 0.772507 0.290223 0.017015 0.0239181
0 0.611813 0.550618 0.0103987 0.0147164
0 0.273821 0.900628 0.0124496 0.0112293
0 0.728323 0.401676 0.0153173 0.0165663
0 0.233105 0.740829 0.0154426 0.0127392
0 0.455122 0.284194 0.0168079 0.0236653
0 0.491022 0.28302 0.0151296 0.0159643
0 0.540051 0.276012 0.0119176 0.0130283
0 0.52857 0.447991 0.0113962 0.0108368
0 0.346423 0.235257 0.0128981 0.0177689
0 0.971231 0.326744 0.011349 0.0138074
0 0.59727 0.273645 0.0137808 0.0177363
0 0.996561 0.225879 0.00717535 0.022757
0 0.184403 0.348945 0.0157809 0.0139084
0 0.231862 0.12288 0.0143088 0.0152293
0 0.745461 0.398687 0.0131429 0.0128296
