0 0.771554 0.684924 0.0224158 0.0177203
0 0.911107 0.358497 0.019326 0.0255095
0 0.984152 0.863892 0.026475 0.025865
0 0.615703 0.546513 0.0155652 0.0199497
0 0.335841 0.549387 0.0189965 0.0167546
0 0.021635 0.163643 0.0162887 0.0154152
0 0.636505 0.81448 0.0176835 0.0175703
0 0.255142 0.517658 0.0228843 0.0186229
0 0.381734 0.940515 0.0203526 0.0265622
0 0.0274304 0.437598 0.0113678 0.0229286
0 0.365872 0.639789 0.0140113 0.0131935
0 0.390486 0.497446 0.0185969 0.0195679
0 0.64845 0.638667 0.0225453 0.0236286
0 0.115197 0.10658 0.0113205 0.0183774
0 0.829104 0.615498 0.0285207 0.0276514
0 0.197316 0.658705 0.0195451 0.017018
0 0.190735 0.00418772 0.0206941 0.00811812
0 0.284974 0.985427 0.0301738 0.0268304
0 0.632054 0.397014 0.0154879 0.0183933
0 0.551718 0.466987 0.0144284 0.0224074
0 0.58881 0.804694 0.0153848 0.0114323
0 0.164794 0.341526 0.0208877 0.0190216
0 0.452271 0.012406 0.0137328 0.0189959
0 0.659061 0.756059 0.0240967 0.0245807
0 0.0363734 0.519768 0.0154506 0.0173012
0 0.0510811 0.127544 0.0127046 0.0201269
0 0.416414 0.0539043 0.0118364 0.0155834
0 0.107241 0.627542 0.0215077 0.0266687
0 0.280098 0.878895 0.0177808 0.0236675
0 0.178143 0.352298 0.0223554 0.0153433
0 0.850333 0.329519 0.0221204 0.0130681
0 0.71758 0.638431 0.0142745 0.0191218
0 0.808716 0.396246 0.0106844 0.022432
0 0.543031 0.387443 0.0109977 0.0175943
0 0.184857 0.860877 0.0170675 0.0250298
0 0.239099 0.342361 0.0122557 0.0156631
0 0.750553 0.991262 0.015341 0.0152293
0 0.367974 0.753259 0.0124211 0.0122778
0 0.609801 0.603389 0.0124687 0.0170901
0 0.924914 0.278175 0.0182878 0.022281
0 0.366553 0.992422 0.0135088 0.0144508
0 0.121894 0.291916 0.0193583 0.0264001
0 0.0270768 0.874326 0.0181807 0.0162789
0 0.136582 0.986193 0.0164522 0.0199966
0 0.269235 0.908947 0.0124843 0.0124024
0 0.27189 0.52599 0.0133069 0.0117807
0 0.787806 0.643875 0.0157721 0.0135293
0 0.353382 0.220731 0.0109001 0.0136287
0 0.0495352 0.0861435 0.0131366 0.0151801
0 0.988605 0.767175 0.0137524 0.0168513
0 0.0700583 0.277994 0.0143966 0.023608
0 0.624391 0.970539 0.0158766 0.0201963
0 0.0600457 0.607012 0.0124205 0.0158067
0 0.311395 0.00368416 0.0166681 0.00683334
0 0.541025 0.26953 0.0160141 0.0240891
0 0.182239 0.552759 0.0183961 0.0132068
0 0.708941 0.408879 0.0148687 0.0184578
0 0.845512 0.329507 0.0132088 0.0121956
0 0.422906 0.279741 0.016732 0.0218179
0 0.552567 0.558787 0.0142351 0.0188088
0 0.191721 0.749908 0.0157282 0.0202086
0 0.361422 0.739848 0.0231968 0.0246763
0 0.387946 0.225835 0.0157619 0.01368
0 0.729039 0.402156 0.014355 0.0178699
0 0.379125 0.813072 0.011246 0.0142058
0 0.668923 0.198573 0.0149717 0.0198332
0 0.313787 0.288643 0.0169868 0.0191458
0 0.0833415 0.289688 0.0189944 0.0209715
0 0.00410737 0.182692 0.00952968 0.014953
0 0.794701 0.992984 0.0140574 0.0128632
0 0.747137 0.861505 0.0151946 0.0144986
0 0.171012 0.263546 0.0119919 0.0159139
0 0.53469 0.144449 0.0178877 0.0226978
0 0.28293 0.406899 0.0170612 0.0221684
0 0.421165 0.416458 0.0112914 0.0168045
0 0.191447 0.52909 0.0146249 0.0139291
0 0.84734 0.844435 0.017065 0.0152541
0 0.321786 0.024739 0.0130842 0.012184
0 0.987862 0.260867 0.0126921 0.0180658
0 0.804739 0.605291 0.0183377 0.0192074
0 0.693707 0.503668 0.0115243 0.0117476
0 0.878562 0.812229 0.0244497 0.0195209
0 0.381515 0.192171 0.0126597 0.0261504
0 0.772141 0.290921 0.0183434 0.0268757
0 0.275827 0.359941 0.0135151 0.0158447
0 0.958819 0.765535 0.0149871 0.0153424
0 0.0355025 0.0197274 0.0123857 0.0104802
0 0.904822 0.464693 0.0122458 0.0164571
0 0.597173 0.273482 0.0139741 0.017822
0 0.279942 0.710178 0.0134621 0.0158888
0 0.515613 0.0198009 0.0123852 0.017603
0 0.380006 0.94345 0.0164396 0.0208459
0 0.696514 0.706875 0.0151615 0.015125
0 0.932752 0.957154 0.0125857 0.018531
0 0.225786 0.445897 0.0142495 0.0117828
0 0.971191 0.326964 0.01144 0.0139999
0 0.437802 0.219964 0.0113952 0.0116153
0 0.528717 0.448224 0.0117921 0.0106915
0 0.465922 0.30172 0.0173658 0.0188652
0 0.996404 0.225683 0.00754595 0.0228312
0 0.454967 0.28424 0.0168664 0.0235738
0 0.773022 0.601745 0.0117823 0.0134073
0 0.858292 0.164782 0.0207303 0.0198715
0 0.354581 0.101545 0.0121124 0.0136466
0 0.53967 0.276686 0.0118122 0.0134615
0 0.346657 0.235324 0.0124513 0.0174456
0 0.227623 0.126853 0.0114717 0.0195341
0 0.451855 0.173093 0.0119727 0.0150289
0 0.491018 0.283449 0.0161781 0.0163246
0 0.164107 0.338474 0.0178995 0.0147247
