0 0.44648 0.101431 0.0303836 0.0307512
0 0.422993 0.752172 0.0346282 0.0404888
0 0.596772 0.773252 0.0305713 0.0426311
0 0.59179 0.885262 0.0289377 0.0455435
0 0.663522 0.470868 0.0332934 0.0320119
0 0.499955 0.130021 0.0266869 0.0411868
0 0.839911 0.718437 0.0341359 0.0292582
0 0.542971 0.172002 0.0278683 0.0407475
0 0.630386 0.120556 0.0283391 0.0353803
0 0.321256 0.331167 0.0282427 0.0267605
0 0.899496 0.604867 0.0340307 0.0303413
0 0.131176 0.034546 0.0362991 0.0366998
0 0.397701 0.698807 0.0331111 0.0509172
0 0.615694 0.812506 0.0377723 0.0326114
0 0.201859 0.38333 0.0326642 0.0369834
0 0.421585 0.482851 0.0299293 0.0455491
0 0.796281 0.208553 0.0329255 0.038322
0 0.133385 0.235789 0.0254099 0.0332182
0 0.177929 0.533451 0.0264212 0.0340356
0 0.0553805 0.487893 0.0257192 0.0307645
0 0.737423 0.0599387 0.0245119 0.0331026
0 0.961994 0.419545 0.0382404 0.055591
0 0.981499 0.148454 0.0321462 0.0302365
0 0.824079 0.454929 0.0244406 0.0331237
0 0.848585 0.226486 0.0255958 0.0306761
0 0.0740037 0.897345 0.0327962 0.0314084
0 0.170033 0.398828 0.0269813 0.0320181
0 0.551239 0.051801 0.0198516 0.0280143
0 0.583225 0.490907 0.0331637 0.045484
0 0.287407 0.948892 0.0247748 0.0396347
0 0.819283 0.389991 0.0215938 0.0257089
0 0.831261 0.782051 0.0260406 0.0347743
0 0.151985 0.585648 0.0261732 0.0438955
0 0.759969 0.542727 0.0245541 0.0359834
0 0.840383 0.529223 0.0269943 0.041281
0 0.135842 0.154694 0.0289273 0.0336828
0 0.335884 0.750545 0.0268117 0.0216988
0 0.722811 0.0623105 0.0238855 0.029501
0 0.319891 0.0136162 0.0298203 0.0252309
0 0.968664 0.43123 0.0277859 0.0319303
