0 0.697221 0.432432 0.0296521 0.0393823
0 0.318719 0.657915 0.031227 0.040311
0 0.494436 0.964761 0.0313822 0.044492
0 0.609249 0.566561 0.0239346 0.0388343
0 0.76889 0.199629 0.0279153 0.0444956
0 0.640638 0.444552 0.0389297 0.0328714
0 0.819999 0.499692 0.0308616 0.0438854
0 0.0167494 0.184288 0.0263403 0.037474
0 0.498852 0.48603 0.0244059 0.0241109
0 0.266224 0.0507163 0.0277827 0.0262043
0 0.718183 0.331516 0.0272172 0.0328475
0 0.161721 0.558211 0.0293604 0.0288881
0 0.984116 0.640907 0.0306825 0.0511645
0 0.955566 0.350229 0.0305318 0.0292913
0 0.469486 0.498489 0.0304495 0.0278507
0 0.410096 0.679873 0.0325205 0.0306685
0 0.259201 0.391109 0.0347729 0.0424106
0 0.979388 0.01639 0.0376737 0.0325991
0 0.329838 0.990345 0.0445682 0.0195271
0 0.533842 0.52834 0.024627 0.0388775
0 0.787806 0.965083 0.0267804 0.0408295
0 0.19592 0.544196 0.0330977 0.0301833
0 0.760982 0.500898 0.0264017 0.0309121
0 0.518005 0.270327 0.0214447 0.0353125
0 0.185088 0.934299 0.0259583 0.0255709
0 0.368952 0.94373 0.0402392 0.0543449
0 0.78878 0.865414 0.0437692 0.0236468
0 0.842399 0.617911 0.0278179 0.0372232
0 0.766856 0.706995 0.029487 0.0246398
0 0.508874 0.177475 0.0234439 0.0447871
0 0.940857 0.545195 0.0204773 0.0306097
0 0.62417 0.684859 0.0252709 0.0388353
0 0.275123 0.980147 0.0369452 0.0377982
0 0.584514 0.777829 0.0251872 0.0325296
0 0.1559 0.75624 0.0265274 0.0349685
0 0.279037 0.478429 0.0302664 0.0315216
0 0.345094 0.430754 0.0235442 0.0277595
0 0.964244 0.154251 0.0296242 0.0296063
0 0.134333 0.717268 0.0305029 0.0423574
0 0.0641925 0.00956028 0.0353529 0.0189678
0 0.623801 0.308983 0.0299722 0.0288819
0 0.949908 0.733279 0.0264381 0.0386751
0 0.739097 0.993249 0.0305858 0.0132327
0 0.681335 0.0512072 0.0242251 0.0339528
0 0.0470914 0.927989 0.0269432 0.032659
0 0.592043 0.920196 0.0219394 0.0377202
0 0.157915 0.986434 0.0272533 0.0249314
0 0.110907 0.257441 0.019375 0.0244819
0 0.932603 0.50631 0.0206093 0.034025
0 0.127152 0.371007 0.0240561 0.0278651
0 0.916838 0.117594 0.0220397 0.0203466
0 0.991019 0.917368 0.0175066 0.0423536
0 0.138674 0.0938167 0.0248668 0.0310221
0 0.297324 0.521435 0.0224724 0.0342401
0 0.261926 0.382717 0.0282382 0.0277427
0 0.990018 0.640976 0.0190684 0.0393741
